36.8685
18.5001
29.8823
29.7052
33.6799
14.8405
19.1628
30.3163
17.4831
25.2647
23.202
26.0999
19.4027
22.8268
33.8774
38.1664
24.975
18.0874
3.59803
15.6893
-0.329024
6.20448
3.14678
20.975
4.16376
11.577
4.20967
2.84412
27.2469
5.30257
11.2486
28.5747
24.5523
7.74829
17.6614
15.7081
13.7007
26.0484
6.52828
19.8011
14.5638
22.2196
12.7008
24.9214
8.26697
8.06673
18.1981
30.2251
10.0485
25.7961
14.8641
3.82512
5.00059
17.0109
22.8001
9.16436
1.58791
0.00979528
11.0085
0.834837
5.31237
24.2571
21.2518
29.7907
15.8307
14.9131
10.7439
21.7061
14.9615
19.2722
15.5072
2.52532
12.4918
25.208
24.4467
18.7587
6.2747
17.6448
14.9336
17.673
26.6627
3.79772
11.254
23.4415
22.8086
10.0541
7.60588
25.3965
9.0639
16.6144
23.2314
14.3763
16.8714
21.4831
10.4121
33.4481
19.2208
21.156
18.5829
24.3578
14.4282
7.09013
25.8831
24.92
4.29811
24.3299
16.6788
10.5728
15.9747
5.61238
19.0017
15.8653
20.6367
5.25563
5.85713
8.21871
17.3097
12.463
4.61524
24.3736
3.07737
4.84661
13.7499
20.9488
26.3297
24.162
16.8256
18.4139
30.3194
10.4086
9.08381
6.74626
17.4987
7.96693
3.66628
19.7968
4.29678
24.345
6.36963
21.2715
1.95743
25.3713
-0.312944
22.2669
15.3316
7.54418
22.5862
19.9367
19.0072
26.2015
17.3103
20.0846
3.04809
5.06017
16.0334
4.37783
3.22216
6.85904
12.1039
31.268
25.8399
21.1877
1.28644
3.76634
27.1546
4.95272
23.5632
2.45137
27.2978
1.9328
24.7228
3.2552
1.30409
26.4099
15.6227
13.6442
13.8255
11.209
25.8677
22.9613
10.4104
14.1779
15.0458
10.4585
17.2381
1.07922
12.8364
19.4603
6.93826
26.9402
15.0004
32.8105
29.4918
17.2869
1.97223
20.2825
22.2396
24.5354
22.7338
21.5374
25.4682
19.4567
22.7926
25.7723
16.8666
14.4153
3.70329
31.1038
33.6868
2.57095
18.7819
7.0347
17.7489
5.82772
18.4932
7.987
7.90694
5.32961
0.447269
16.8452
5.26982
17.4477
13.0511
34.9607
17.0809
15.0233
20.6802
2.9742
13.5587
15.414
26.5116
13.0269
9.8707
22.3041
10.7992
0.737258
9.71944
16.5025
21.5579
14.654
33.3754
22.1186
22.6298
17.672
29.2667
13.6833
26.6127
10.5831
20.3256
26.7255
26.4008
26.4298
18.1495
12.9631
24.4216
31.5036
26.8579
6.90544
19.088
4.28319
24.3968
18.0091
17.7105
5.92083
13.7096
2.13564
7.40109
23.0536
18.4364
1.61369
1.85288
17.1083
13.7143
0.611832
3.8773
-7.27741
5.77753
-7.01345
-5.81145
-10.3267
11.8131
-14.0633
8.85281
-5.73651
-8.75954
-2.921
9.95469
22.0888
19.8265
5.81321
-9.33759
6.37038
-3.47451
6.82617
10.3053
9.5606
9.24301
-6.92667
10.2588
2.41547
-4.99697
9.50806
8.56853
21.3224
12.7955
2.44582
-8.46148
-5.10258
8.43238
-2.27293
-3.42931
8.24543
-1.33626
-6.57651
-9.49108
4.9042
5.50249
-11.5364
0.233696
11.6958
21.2012
5.89611
-8.45026
-6.19769
-0.277726
-11.145
-10.6371
-4.03472
-6.07163
10.6217
10.3808
3.9314
8.12978
5.94928
-2.25266
8.48637
8.49388
2.28586
1.1471
-7.17252
-9.98707
-12.2822
-10.9271
3.67667
-4.85873
-8.41816
-7.41913
-12.3562
-2.95454
9.81457
0.823128
6.81943
16.7533
6.37286
0.124598
-8.56705
11.2279
3.48751
-0.601772
-8.84372
1.10923
-2.22102
8.08768
-3.76099
-8.27174
-7.16498
3.48869
15.77
27.0651
-4.36422
11.9509
-8.86619
-0.646436
-12.9762
6.81048
6.49484
-5.39439
-9.60865
10.1386
5.65108
-13.7941
-3.03827
10.9734
18.4906
8.14477
1.09796
12.3495
-9.4375
-8.41454
-2.25224
-6.28122
3.69469
9.52674
-7.19353
-10.0663
-11.745
-2.35851
6.42239
3.37838
11.378
6.0814
4.32923
3.89618
1.41174
4.353
-4.29335
-5.09343
10.9586
2.098
-6.95482
4.60969
1.30391
3.00691
3.58305
-6.7795
23.8312
4.12964
-9.42997
11.904
-8.73352
0.317798
-8.3772
8.96117
-5.15546
-1.57074
10.8949
-3.90045
8.07075
4.31726
-11.5221
-6.16688
21.4927
17.5707
9.72929
-3.21283
-5.83984
-6.56405
2.69374
-9.88122
4.53395
7.73892
3.72847
-11.1621
-5.25417
-7.68847
-1.94163
-7.91266
11.1945
15.0708
-9.00865
3.25902
-13.0538
-3.38585
-3.77981
-5.20926
6.04341
-6.88494
2.89029
-0.885842
9.43232
3.36822
8.94727
4.80775
8.06063
18.6415
-12.4051
3.33554
10.1125
4.28866
3.45432
0.646469
-2.97242
-3.8172
5.48433
6.77341
4.49433
-10.4573
-12.1393
-12.5131
18.3792
5.64801
3.74588
7.1173
1.46625
-14.0339
-15.092
-4.49034
-4.91887
5.79833
9.62382
-9.48656
-3.83345
4.57109
10.3212
2.34193
6.96007
32.8514
5.2041
5.03932
14.1273
22.7472
17.6036
25.5242
6.64456
11.6512
18.2697
22.3433
14.7291
19.0647
23.8862
4.20808
33.0309
23.5716
24.9655
13.8918
15.5125
25.4806
20.2448
21.0595
14.1746
16.6047
24.8332
25.3405
8.73567
24.2755
14.8936
16.1672
28.4342
20.659
7.49728
-5.95562
3.34618
-0.496071
-10.7233
6.66076
6.99491
9.28249
2.46968
-1.9714
2.149
2.76546
2.23338
-1.13239
1.77066
15.842
-11.9475
5.81486
0.785579
8.747
-1.09628
-11.186
-1.93466
0.506023
-11.991
9.95478
-2.57048
3.54594
-2.90812
-11.7309
9.42404
5.6344
-2.68648
-12.8935
6.09308
1.59025
7.76726
2.088
-2.12727
-0.763062
14.1166
-10.9783
-10.9976
3.34997
1.88934
-8.19048
5.53372
15.4481
11.6244
6.69101
-0.311189
-2.47191
8.50504
11.7542
12.0341
10.5141
8.70893
-2.53636
3.06
-7.19919
-1.26723
12.8203
13.7066
21.473
10.9268
-9.51695
-1.36347
6.69408
5.57104
10.5093
-7.06898
7.68764
12.531
-3.06659
-1.96239
2.42034
0.74293
2.94304
4.93987
11.0046
-5.36595
4.05097
11.8954
-7.86091
0.805119
7.9295
-12.3469
-2.48595
-7.60686
5.71315
3.31486
6.12591
2.53346
-13.2952
13.5555
14.0977
-8.81213
-13.1913
-3.84563
-12.2411
10.318
2.08538
5.44655
11.849
12.0188
-6.51584
-0.730669
-0.238271
7.4272
1.63149
24.802
3.87772
-6.31755
11.0244
-1.79965
13.4876
6.95392
-1.1465
-7.99838
13.3471
-9.43336
11.3165
2.47297
5.10011
11.0213
-9.35484
7.06323
5.40987
-7.54611
4.71476
-7.03193
-7.22812
-7.19986
13.4146
-12.3791
-6.18106
-9.10123
-0.109798
2.58067
9.32597
-11.4783
3.7097
3.31227
10.3598
-0.265881
-0.412426
-3.30829
-4.31196
11.4411
3.69333
-6.96489
-10.9923
-2.99019
6.50808
4.10782
-4.9689
14.1532
-10.3318
15.6888
5.43915
4.38296
8.20833
-1.62099
14.1831
5.62295
-1.00012
-9.99796
8.52172
6.89008
3.58271
3.84769
9.41177
-4.70759
7.23492
9.72029
21.7181
-8.17751
5.30763
-10.2854
-9.73644
-8.99904
-5.25033
-8.72873
2.01077
-13.7422
8.37909
11.0419
-12.589
12.0473
-0.717869
7.2884
17.4611
-7.50954
5.39713
0.613364
10.1134
12.397
2.61541
3.63513
6.2871
-7.80189
-7.51718
3.69887
0.49052
-12.2823
11.3148
9.62983
6.01293
1.62241
-0.768387
-5.19621
3.62337
2.98129
-0.924931
-4.36587
6.23904
-4.54584
-9.324
5.65003
-8.49854
3.95813
-14.3318
22.2367
32.2195
16.7707
9.60522
18.5968
14.5929
23.3542
8.20664
8.58972
3.3117
14.1937
23.4286
15.3979
11.8846
20.5999
24.6339
28.9431
18.9503
10.9747
1.51233
1.12325
-1.1485
10.9334
6.05842
18.1719
22.2269
12.2542
11.5603
1.74263
5.13472
12.7391
24.1055
10.089
3.04526
-5.75078
6.2877
3.66387
-11.5903
10.4848
8.41327
-10.2317
0.164788
5.86153
6.61743
-14.4375
1.62458
5.9836
5.50041
24.5837
3.12033
8.24213
12.0189
-10.8395
-6.94108
-9.33818
6.97856
-11.6701
7.98078
-5.55331
-8.89772
11.2579
6.58298
-10.1936
13.9836
24.1113
8.7071
4.27127
-1.55158
-2.53467
3.75611
-6.13831
2.23365
-11.0791
-11.2768
-3.14892
-9.51662
4.3478
-10.1653
11.9838
3.35784
6.66323
16.6986
0.376699
-5.42348
11.2848
5.03852
-13.4449
-14.3853
-0.980697
-2.99823
-7.283
-0.722817
-8.41524
-4.47659
0.260757
-11.6307
19.144
1.78828
-2.18227
-12.9556
6.28814
5.67942
2.27802
9.20903
8.40265
-10.8709
-11.3076
1.75045
-9.03622
11.6762
-9.89172
-3.62015
15.3405
15.428
4.95637
0.186952
-1.4765
7.51146
-0.198334
8.5428
-9.48677
8.51866
-2.18001
-1.90201
-10.9579
8.08074
-2.5327
5.62112
24.296
21.5092
7.66549
3.90091
3.96446
-0.0564855
2.10994
-1.6329
0.0726158
5.80234
-11.8825
9.0364
2.47854
-10.7742
-9.58375
-8.61935
21.2132
21.9841
6.5676
-7.76568
6.88408
-3.63074
-11.2229
10.3973
-12.1121
0.597107
-6.5047
-7.06999
-6.32215
3.9626
12.5511
-6.70938
14.3434
20.9558
12.1915
-8.78791
-3.83987
3.30147
3.57919
11.2327
-6.89618
7.69674
4.26915
10.5824
7.92257
6.6854
-13.037
3.63339
18.4174
20.0909
6.8677
-5.05788
-10.1001
11.6448
-9.66057
-7.21221
-2.75807
0.834732
-4.2822
2.91978
-13.2027
-5.73108
9.2104
4.04496
3.76748
20.7704
5.25705
-1.35433
-2.29659
-1.16375
-7.12158
3.80723
-11.467
13.1476
-2.61042
10.4556
3.83297
-1.64742
-0.911055
-5.109
7.5324
5.33151
0.833116
-3.21696
-9.39853
6.17255
-3.42917
-0.156607
-7.99272
11.2886
-10.2368
-5.19539
-9.44245
-14.0264
9.84957
-5.95691
21.6927
17.0049
4.68876
-5.92108
-11.0571
12.5672
5.88615
-9.52414
10.7147
-6.72427
13.9314
2.54771
5.6283
0.0203681
9.43871
10.5115
18.7664
8.97488
-9.70548
9.57848
-9.55563
2.86534
-5.57813
-2.54835
4.15397
1.18504
6.25626
7.71152
-0.841382
0.105836
-15.2454
-7.46587
4.03282
26.1612
10.3552
5.55699
17.0268
5.46015
10.4838
16.5228
14.4052
11.4472
2.75843
3.55522
21.5662
22.8344
25.4642
13.588
16.3076
16.6555
12.7584
12.599
23.8723
17.5545
20.6086
9.14224
4.07209
12.2944
2.5123
16.2075
27.0063
4.49491
24.976
5.54261
31.8331
10.8659
-0.390532
-0.851412
1.5504
6.24067
11.8739
11.3253
-11.1967
-11.8531
-12.2714
10.3863
11.8586
-11.3567
-1.0537
-8.15787
6.72206
22.6437
4.27005
-12.073
-1.35486
-2.85039
-2.84442
1.39054
8.28544
3.09564
-7.70544
7.52711
3.79031
-12.2673
12.9812
-0.0716521
11.2096
9.28854
11.0769
11.3343
-11.1686
11.9508
9.65963
-7.36533
11.0977
13.3882
-9.97904
8.95628
12.0314
-0.0327458
-12.2016
-7.11608
8.97919
17.149
-5.18904
7.69718
-12.7819
5.96653
-4.91228
10.5035
-5.93783
4.38228
7.03062
13.8525
2.11499
4.01186
0.780825
-10.1011
29.477
8.95476
11.2332
-11.5661
-8.19143
6.89284
-6.9314
-8.09373
6.28103
0.089554
-11.1374
7.31247
10.0568
-12.339
12.1964
-7.89115
17.8338
2.55029
10.806
2.94751
9.97387
-6.10626
0.451023
-10.964
7.27602
-5.51836
-8.11148
0.391011
10.4935
2.66934
1.28991
9.09606
23.8449
7.7596
9.52998
-11.6643
-8.58404
-6.40142
-4.75806
9.69698
1.68813
-1.89551
5.00945
2.74494
-1.23454
1.20583
6.85379
-13.5051
17.4821
14.3511
3.4424
-0.812961
11.5536
-6.10658
4.22308
5.82958
-1.62494
9.11159
-8.77941
-4.13144
-3.21906
5.5105
-6.03538
-5.69196
1.82803
1.3693
-4.35629
-8.55043
-2.90682
7.88565
-10.8534
-13.2187
-10.0099
8.15601
1.52626
2.75561
-5.63816
-6.61995
1.2505
11.575
24.1723
3.6045
-5.23795
5.59342
-0.413687
-10.0149
-0.577009
12.9614
11.0967
5.64358
-6.17006
-7.12234
-6.84593
-1.20544
-1.81431
-4.81231
16.4382
21.5924
-2.36274
13.3823
4.71506
5.78382
13.1637
8.7052
-3.06018
2.68992
-2.53919
7.30167
7.06997
9.71131
-0.123324
2.10984
3.16465
24.001
-6.29675
3.99051
-11.3761
8.12624
-1.04811
11.7206
-1.23018
9.78183
-7.40177
8.92389
-6.42361
1.78392
-14.8884
7.86555
13.007
13.2997
7.24789
-7.67161
-8.46734
7.41156
10.0336
1.47248
-5.89852
-7.5056
-7.22585
-9.82854
-8.79429
6.65082
2.28129
-8.39009
17.5334
23.1185
6.60042
6.9134
6.11079
-6.44769
3.63397
-8.1194
-9.66586
8.2322
11.8045
-2.08947
-1.98388
8.91608
-12.2239
8.62945
10.188
32.3917
25.0729
14.8829
18.4039
24.0088
4.25687
2.15931
5.29843
8.57271
1.47164
8.30982
1.18875
16.9922
11.5622
19.1779
24.6874
17.6302
12.3446
6.57004
13.1799
-0.0494822
11.8899
17.7288
24.3948
10.7118
27.5401
6.9408
5.63789
4.00134
4.93778
17.7873
12.8008
3.19297
-9.45125
5.93443
10.759
-8.78119
6.47144
-9.75523
2.663
9.17991
-2.0637
1.75802
-0.830337
10.2377
-2.85741
-10.856
7.26575
21.7704
-2.77095
7.59379
8.37249
8.19473
-3.61789
4.53662
-11.0351
-4.91904
10.7169
-5.34881
-0.444106
-13.4734
13.0024
4.0548
5.91813
2.10193
-4.01077
-7.94695
-3.23007
-8.53932
-7.70218
9.43293
8.64059
3.23412
-1.80905
-5.18975
0.471868
7.33355
-2.04579
7.61148
16.9023
19.8049
-0.794738
-0.853416
4.37799
12.5874
-11.3168
6.34291
-9.33167
-12.5999
-13.0059
6.22422
-14.0734
11.9965
-3.72098
-6.77927
3.19745
14.5347
-8.72623
-4.68249
6.72894
2.57159
-6.24956
5.36952
-7.19429
8.9414
-12.8202
7.27758
0.274943
-3.86602
-0.110941
-11.951
4.41048
22.0403
-3.80438
3.69523
8.68169
2.87883
-0.961859
14.35
1.27889
-0.967761
6.57424
2.20552
-1.9713
-14.1467
7.42625
-3.42371
17.299
-1.23446
5.8938
-5.14954
1.27161
-12.3558
-13.78
6.07733
7.58564
-11.6002
2.35491
-4.13941
-0.466262
-12.756
-1.09037
0.850976
25.6092
22.7829
-7.4538
5.01998
-3.01592
4.58434
4.37
11.263
-11.3834
-1.05576
0.468495
-0.354711
-0.202489
-5.10525
14.2216
-11.081
8.64418
19.311
-2.2305
7.86638
6.75963
-0.0105109
2.94371
2.34527
1.38925
-6.70138
13.2059
13.923
-6.45742
-2.88451
2.77396
-9.11913
6.48052
19.8988
6.90085
0.204814
-3.09549
2.27085
2.46778
1.52109
15.2151
-9.06372
-9.83362
0.0126003
-4.16898
13.388
-0.0683613
2.42579
18.9187
24.4104
-4.70783
-1.73703
-1.30937
-9.76412
-8.39176
-11.9201
-4.46551
-9.1859
-7.99714
4.07708
-2.07041
1.77682
1.95795
2.15032
8.35425
12.1801
-9.64486
7.00149
-13.8704
5.82292
-5.47741
-12.6553
9.7592
-1.31103
4.35733
-4.40978
-3.92307
12.289
4.01602
-13.4197
25.7681
4.48099
-0.156756
-1.31926
-6.45593
3.45149
-0.239382
2.07856
5.26559
-0.23652
-8.84436
-5.80482
-8.4597
5.11358
4.3455
-2.36271
4.49757
24.249
-7.36122
-6.89798
4.52356
-0.838632
-6.55325
1.28276
11.8503
6.80408
6.87299
-2.07274
10.0931
-3.111
-7.49246
6.08316
17.8536
31.2975
5.78188
-0.547343
15.1763
20.278
17.4558
11.1057
10.7708
19.1741
13.9274
15.3797
13.9557
6.11783
24.7289
17.3493
14.4343
15.7665
24.9791
23.0546
20.7999
6.65646
14.1688
21.8629
2.25137
5.0956
1.19739
23.0015
17.4695
10.5683
18.2254
10.3433
18.9857
24.6542
-6.18406
7.70392
3.87892
11.6358
-5.22822
-8.83307
6.61122
6.03481
1.99523
-9.29974
-11.3567
2.46082
10.7617
-5.04748
25.2416
22.8769
-7.21474
4.83093
-11.4647
4.90075
-1.05299
-10.0504
7.88923
-5.00965
9.45692
-1.23328
10.5412
1.04742
6.8414
-9.55712
14.5346
2.89251
-11.8532
-5.71926
-9.70691
-4.08141
-4.55234
4.90431
-15.0466
8.44289
9.60457
-11.4033
2.90372
7.36625
-6.45073
-4.53109
14.9574
12.5198
14.2998
4.82669
-6.76473
1.24685
6.77629
12.1245
7.2372
2.23321
-4.10877
6.77843
-6.71937
-8.26738
8.22132
4.68244
6.15268
19.973
7.96318
-7.31696
-10.7133
-6.58916
-13.4126
-9.7599
-10.1463
11.1919
-10.1631
5.75745
6.55817
-0.613882
13.2264
-9.15046
24.3276
23.5136
4.67623
10.9559
-4.22694
-0.547482
12.0804
-5.98973
-10.3143
-6.02835
8.7887
-6.03365
0.704272
6.01001
12.6488
3.09423
13.6449
20.2029
8.77727
0.664839
-13.9772
9.36462
2.90494
-9.12344
9.55654
10.7418
9.63401
-0.885291
-2.87209
10.8604
5.96425
-10.1514
21.1531
10.9079
-12.1955
-11.8404
7.093
12.8849
-6.83009
10.7787
-6.14346
-8.0414
-9.25492
3.56082
9.96862
-8.60612
-2.34496
-4.65325
25.3701
5.80219
9.01159
11.0287
-12.2031
1.91653
-10.0948
13.3535
-0.341674
-10.4608
-0.531817
5.78624
9.39963
-9.56757
12.6348
3.78621
13.6544
26.4576
4.94585
-6.83409
10.3242
-11.8842
-4.05536
-4.8193
-5.92564
0.689725
12.7415
-11.957
0.0836038
-6.60345
-3.61027
-0.91054
11.8122
5.47683
-3.88186
-0.374201
6.31785
3.02337
5.97927
-2.02383
6.56262
-8.55254
-7.23759
2.96225
-9.12011
12.3972
-11.2515
2.9528
23.2265
23.7532
13.1187
9.16061
7.81006
-6.93664
-8.65869
-10.1156
6.75308
-9.91718
-6.0726
-4.16331
-5.52063
-1.68287
2.92615
4.30824
17.6453
3.91386
-4.06596
0.0362897
3.06766
9.91331
9.01246
-5.36971
11.3608
8.77487
10.5925
-7.75934
11.1721
9.34099
4.19346
4.00853
18.265
20.9387
6.16915
4.84536
12.3755
5.51046
3.72979
4.12862
8.59328
6.65719
10.9653
-8.92735
-4.02568
-0.108537
6.38089
-16.3072
17.5963
13.7381
15.5064
11.8414
2.20291
9.06575
19.5969
2.69852
7.57036
12.7674
4.50354
3.93374
12.5807
23.5508
21.2263
1.99937
25.4466
21.9998
19.4052
14.6053
6.4856
12.1298
8.56015
5.18803
9.82682
7.61683
7.57316
15.0186
20.1753
1.86571
16.1877
14.2496
19.0733
2.7022
7.63541
-6.03342
-1.02747
2.2691
0.555582
10.4889
-7.50466
4.38525
11.1774
0.0625647
1.40837
5.87437
5.66509
-7.25632
9.20157
10.878
7.45452
1.11711
12.2907
-8.70601
7.08698
-5.87446
-3.90123
9.12951
4.93474
-12.205
-11.4471
-4.5633
1.42701
-4.70874
13.459
11.0224
6.25783
-12.3598
-9.66848
-5.18659
11.1292
-10.1731
8.19866
3.30654
3.88943
-2.39297
3.18092
-2.44548
2.35071
5.92143
21.5855
10.2149
-4.96146
7.95817
5.09922
-7.87447
15.0837
11.198
11.255
4.01845
9.99301
-12.192
-9.54485
1.42002
-4.90079
-0.877139
23.0481
-0.0192466
-0.236895
10.814
-4.82955
-0.107732
-10.3592
-9.63089
-9.80119
6.53025
-0.0238576
6.37973
-6.91523
-10.6732
-2.69884
10.7523
13.4225
19.2625
3.71045
-12.7687
8.46523
6.79416
12.4293
10.7203
-1.18739
8.42229
5.52821
-0.732241
-2.15769
-10.3726
12.3906
-8.67525
4.13254
14.569
-9.86128
-1.84508
12.046
-7.22045
-0.475972
-9.7552
-11.6902
-10.4998
9.62453
-8.60543
-7.17298
-6.07431
-8.85315
3.95909
1.11877
24.8585
5.19038
8.73062
0.651462
4.61966
2.45088
12.4641
-0.958049
-2.02091
-2.26817
6.88426
-0.393484
-1.87755
-12.791
1.59098
24.8201
6.09053
-12.2541
10.3222
-3.87272
3.26992
-11.433
-0.562922
4.77009
12.1915
3.83165
7.59711
-9.88282
7.9785
0.556203
-9.61743
16.9054
7.09824
-12.8868
-10.5127
6.36625
4.56406
-6.04866
-3.5918
-12.4568
2.68317
-11.7075
0.149674
13.8056
-10.4985
-11.2593
11.0818
5.38913
3.36428
8.40396
-0.0235186
2.75647
11.9709
-6.58644
0.526559
11.1624
8.24521
-4.87633
16.2796
3.22372
8.67987
-8.33782
-8.94048
24.3894
6.05135
-3.45321
4.79271
7.33943
3.49813
-9.79909
11.8826
-6.8187
-8.50663
-0.96774
-6.01308
-6.00515
0.772912
-8.93129
-2.15595
16.296
2.58233
-9.17947
-3.98408
-14.5564
-5.76591
9.54248
10.606
-12.5207
-13.3338
10.8856
2.70302
8.34602
-13.4522
5.76254
3.77248
6.81367
8.09388
3.56519
-6.3374
9.80745
3.7661
-11.4548
-10.0112
9.25947
-0.422557
-4.02433
-11.7457
-13.6496
-2.95562
-0.90163
2.60981
15.9686
30.5112
5.10249
19.4771
1.62602
25.7532
15.6242
4.67928
1.34112
12.0298
20.1117
23.0403
13.2725
10.8868
12.6314
19.5043
28.1362
12.6049
0.507834
15.5617
21.6515
3.89877
20.9356
18.9829
20.0624
4.37374
20.5314
18.721
17.5221
7.94852
11.6981
8.55176
13.3827
16.1714
12.7011
-11.0318
0.862611
0.267807
-3.39948
4.69698
-10.2799
-11.0642
-1.12262
0.720199
3.0337
12.8303
-3.95653
-5.55911
4.15886
8.17926
9.65553
8.63248
-0.439628
3.85893
3.17612
-7.33114
10.038
-6.02593
9.1277
-2.73857
4.87039
-4.80364
6.00192
6.68562
24.5399
20.0728
13.6538
-0.246641
-5.02913
-5.74563
-9.54966
-5.30903
-2.80979
-0.672279
8.41117
11.2239
3.15798
-7.54536
-7.3352
2.5063
12.4755
3.54536
2.13878
-11.9557
10.1793
-7.6851
-7.2868
3.21725
-1.71103
-13.1591
-14.5213
-10.8406
-1.96275
9.48061
9.84498
-6.072
11.9313
23.3404
9.68136
9.15454
-8.24681
12.1317
-12.1545
-1.0566
-3.54058
9.25669
-2.83268
13.6174
-10.2887
3.83212
2.1237
0.195288
19.1694
4.25295
2.23962
1.33171
-5.42263
7.95282
-9.45103
6.86634
7.79372
-10.9723
8.0257
-7.16903
14.5083
6.87069
-0.241026
-3.30807
14.1781
8.47241
-8.15352
4.12271
-8.42796
-6.30801
-9.93389
3.03146
-10.0513
1.23343
3.64886
-8.33999
-6.93445
-9.22744
5.85529
9.218
7.5418
8.74189
-3.45029
-0.387593
-14.9523
2.09868
-4.52125
9.84146
5.12633
-10.4955
-13.3276
1.63459
8.37514
0.431405
12.3265
-5.25535
20.9646
5.67183
11.8674
10.4438
-5.13501
-9.06653
3.47524
1.81368
5.1669
-7.8759
5.47368
8.23245
-6.10334
-2.67102
4.45045
3.93169
19.172
5.35789
-7.4559
3.47164
1.09884
0.0228479
3.31309
-2.77483
3.5273
0.985525
8.85976
-3.09756
-12.5831
10.1863
4.64709
9.28867
0.776246
18.9081
8.73245
-4.77572
6.44792
-1.79232
-11.962
3.61482
6.33178
7.51164
-2.15273
-10.7716
-6.15939
-6.70228
6.16013
11.2645
7.56186
25.5098
3.73615
10.3967
-3.27292
-6.95076
-5.37811
-9.74562
9.03477
-7.51835
-0.843183
10.4517
-10.3321
-6.19609
7.74037
-10.9728
24.9953
16.7304
2.25149
7.76628
-12.3195
2.28944
-4.6189
8.01228
-4.19892
8.22837
9.24072
1.64169
11.5261
1.40085
-1.0938
-8.17603
14.0979
6.39362
-5.77931
-10.1678
-1.30841
1.84258
-10.9135
-4.27365
7.32424
4.24336
-7.82195
8.99217
7.04726
8.91841
10.0194
5.36562
14.2584
23.8115
16.6098
19.7027
3.24497
24.1542
11.6957
14.4214
19.4416
8.65147
2.74636
17.9082
21.4653
12.9631
21.7305
8.4323
28.1979
13.1349
11.7694
5.99751
20.1348
15.3759
15.8047
13.0606
6.76252
21.8984
10.2192
2.40971
19.6748
8.18817
21.3716
6.76574
32.3276
12.6571
12.529
12.3217
-4.94952
-4.38703
-0.316937
-13.2082
5.93769
1.68614
6.05929
1.66325
-9.40457
1.15071
9.4939
7.14705
17.6221
7.85061
-13.6097
-6.38248
7.90605
3.35984
11.0965
-10.1012
0.507451
-6.43244
-8.06127
-9.42652
3.05804
-12.6557
-1.96926
-3.1806
10.6556
11.014
-1.85893
5.93227
5.17268
10.8241
8.72411
-0.889636
-0.489721
-1.2166
11.7736
-0.894296
13.9341
9.26751
-2.74724
4.39694
3.86663
11.9109
-11.9855
-12.6697
-9.99714
14.1109
-8.77097
2.51031
-9.32152
-5.83224
4.08379
5.73653
-6.48793
-8.88547
-8.44407
7.39387
14.6267
16.2798
0.326143
-5.15309
0.521135
-4.94974
4.95728
11.0314
2.83366
1.73089
-2.86288
4.76778
-3.00159
7.38988
-4.83528
1.42263
6.31224
10.2186
1.7529
-3.96424
-4.70988
6.98193
9.54607
-1.0314
10.1497
-0.370138
-8.29487
-6.33824
5.74439
-2.73895
12.0556
-8.58137
25.5511
12.0085
-1.73446
-2.52081
2.43203
-9.77718
-4.4894
-4.73431
3.95371
4.64772
12.0335
-13.0479
0.0375955
-7.80181
1.37475
4.07049
16.7172
3.68889
12.1063
9.6675
7.10957
11.6523
-1.3639
8.25926
-2.71781
1.34122
11.921
-13.9734
12.6023
9.97665
-8.5548
10.5603
8.24998
17.9567
-5.96048
8.79045
4.93356
5.55012
-5.94386
-2.11273
-3.80216
-9.9104
-3.1606
7.23544
-3.71221
10.2141
-3.69407
-13.3348
2.39713
12.7376
11.3327
7.45136
-5.93549
-4.03124
3.71062
5.3467
11.31
1.63164
4.37327
8.91226
-1.39171
9.81847
4.47259
5.96671
14.086
1.55306
4.75716
-8.53723
5.06223
10.8133
4.35005
-10.7399
-10.0971
-10.8106
10.4955
1.19069
-11.5964
-4.19856
-2.14413
-12.2546
21.3047
10.1935
10.1967
-12.7219
5.1573
0.907345
6.62483
5.46729
-10.461
-1.0019
-0.620452
2.14727
-4.18343
-8.14786
-5.88603
8.34578
7.82128
25.9298
-11.1914
14.4265
10.6844
7.1586
-12.3134
13.5873
8.34804
12.1821
-0.221975
8.75162
-8.01651
9.63389
8.49699
-13.8029
10.7664
23.0011
-9.52475
-7.02027
-2.39894
11.1001
7.44701
1.14004
-4.90183
-5.17344
-9.71269
4.91474
-2.3213
-7.59872
-1.73948
6.04295
10.1936
26.5537
22.9484
10.3422
11.1418
22.3643
6.7586
5.81732
21.3334
21.1262
3.47417
2.11394
18.2045
23.6552
1.51869
1.90903
32.1697
17.8514
9.00948
8.4625
6.23683
2.23184
21.9193
15.0081
11.2075
25.4125
7.05991
25.9186
9.17875
20.6058
17.8905
16.6471
18.8704
15.2255
14.177
8.66414
-4.62111
-9.27886
12.2398
-11.2831
13.0433
-11.4328
-6.96154
7.99942
-9.60853
-4.4429
7.77794
8.90949
14.3805
3.81596
-8.97143
5.64497
-11.2586
11.2877
-6.16288
0.773269
10.8341
0.944004
0.483791
-7.21818
-2.68859
-7.76274
10.0019
4.74788
16.73
23.0799
0.412022
12.8391
11.9
-2.34814
-13.444
10.9434
-0.780972
-8.40557
2.94281
-0.3895
1.15154
-0.279252
-1.48001
-11.2975
13.8753
15.2912
9.34751
5.99838
1.83626
-8.81537
-7.22835
-3.32963
1.12864
3.25544
0.452197
10.44
9.49271
-0.545858
3.18793
-1.04712
4.95555
0.742289
-2.20807
-6.4669
2.25182
0.347908
-9.52352
11.4708
-0.0576597
4.41928
-2.91866
-10.9061
-8.85997
10.6013
-9.20358
3.39697
10.3182
24.1179
-5.60465
10.9862
15.3286
1.16701
-5.34347
2.45721
-11.5775
7.10873
-0.102747
12.9152
-6.43713
-10.9148
-3.13196
-2.80408
2.77893
19.6977
0.729017
0.936951
-9.99213
5.20549
2.4078
7.95021
-2.37522
-14.5109
8.04409
-1.23519
8.09048
11.8405
-9.83822
-8.75962
23.2885
10.37
-13.7735
8.31301
9.72413
-4.11693
0.770213
-11.8534
-9.00821
12.6675
12.0617
-5.44534
-12.2474
-4.07022
6.75058
-7.56222
2.18779
9.36205
6.37473
-8.40238
-13.3149
-2.21747
-11.4522
-0.690129
-3.72833
10.5919
11.0747
-9.63785
8.43243
-11.7635
-5.39747
6.41687
12.0431
11.183
2.72988
-5.48228
4.71213
-11.4999
-4.3357
8.70392
-10.8324
-2.27396
-8.74141
-9.07979
4.65582
12.0092
-4.64201
8.24556
7.03999
3.76661
-11.1568
-6.82614
-0.484751
-10.609
6.48373
11.7869
-10.0171
8.55841
-11.8509
12.4154
8.79487
-2.24841
2.83224
-6.41155
21.5155
4.62628
1.10617
-2.70722
-6.93779
11.7705
-6.00329
-1.77023
-3.50349
1.25529
1.14997
-11.8477
-2.73554
9.50796
8.39789
4.75323
1.36381
23.5364
11.9271
0.755928
-12.3679
6.41083
-3.45715
-9.38499
-0.030759
-0.30809
-10.9696
-5.23589
9.4435
2.86261
-0.647441
4.02416
26.0708
3.44554
-10.6831
-5.51306
-9.77081
-2.68635
0.716702
-1.2743
9.56894
-10.1333
1.87803
-4.1666
12.3746
-7.72408
11.5866
13.6153
6.90548
34.3296
15.3864
10.4721
19.1935
23.5815
9.49218
4.35209
10.5144
12.9295
14.9411
8.62417
5.33568
0.198579
24.9447
3.0759
15.6188
10.7288
9.27014
10.3808
14.248
24.5705
22.5319
10.188
1.84341
9.69713
19.2921
2.05479
18.0218
17.9189
0.310349
22.3948
23.1378
14.7161
-9.75591
-6.86851
-1.57262
0.00817708
-2.97472
9.03338
-12.1974
11.6832
-8.91713
-6.54028
13.6936
-10.8435
-6.45847
-9.83717
1.7522
16.5673
-0.138789
1.25135
-0.604285
-4.71471
11.5245
0.547833
3.5874
3.6311
4.07458
-2.83458
-3.67569
4.21664
-10.7396
6.53124
2.36782
6.46019
-14.3373
0.157325
5.51271
-1.31199
-3.8093
5.31535
-7.62881
-1.72643
11.7751
-5.93517
2.4301
-5.6834
-2.77233
2.97721
22.5459
23.7292
-9.77144
-5.17742
-6.62583
-7.24692
11.3704
7.96156
1.38418
-4.555
-10.873
13.7085
-10.3384
-4.61257
6.23973
-10.6084
12.6586
19.4952
4.54891
-6.59533
-7.40954
-9.26039
-11.28
-1.03835
-1.98682
9.49509
3.02648
-12.5567
-8.18831
-8.74585
4.42049
13.2386
27.0143
21.6808
-4.93886
-7.28281
13.4021
-6.56845
-9.32124
5.78632
3.87655
-7.19425
2.4948
4.53819
0.193174
-2.26547
7.92977
-12.9149
4.63806
13.9753
-6.5102
-3.77255
4.21829
-3.79018
12.1891
-5.76853
-2.29508
4.21558
-8.32524
-2.4834
5.46973
13.0952
-0.24484
6.81276
20.9087
21.2086
11.53
6.14644
-11.7521
-9.79129
0.93275
7.1244
-1.98554
-10.5724
-3.33741
10.2076
2.16209
-4.40763
-14.7072
6.79907
22.4262
9.0746
-7.97348
2.28934
5.9924
-8.78438
9.52081
15.6973
6.4312
-12.8044
-1.78609
-1.09907
-12.7092
13.9691
-8.28631
7.03512
19.6836
6.13009
3.18155
11.0332
-4.54764
15.1143
2.15763
5.46681
-9.45815
14.8202
2.67445
6.70394
-6.58741
0.967212
-0.496988
-8.51637
22.9974
20.2762
8.77297
3.74218
9.74515
3.29378
3.43949
5.17635
5.48934
-8.3466
-11.9227
3.78016
-14.3775
-9.20902
-4.18473
9.40785
11.0238
23.3074
2.44108
3.48698
11.1111
-7.4013
-4.04621
-8.34702
-5.58107
13.6282
10.3569
0.831512
-3.40455
-7.14007
3.31514
-4.65477
1.33872
12.094
10.0874
9.13461
-13.6181
0.526901
-0.689037
6.87123
3.1803
-1.61175
-4.34861
2.80278
3.17922
1.46666
-5.78937
-12.7862
16.1932
1.58958
5.70082
0.574604
-7.74958
11.6546
1.22758
-0.330659
11.2829
-2.4155
14.5009
-4.12169
4.44443
0.815996
2.22354
5.83389
2.29866
25.1635
18.3209
4.48358
0.182282
25.6309
19.9316
15.8589
12.459
27.5343
5.59103
2.30825
18.4954
13.6535
2.25489
7.44213
25.6605
29.579
20.693
23.4865
21.225
8.52399
6.64169
16.1516
18.2461
6.11972
26.5079
10.7798
22.658
14.0939
1.705
23.4647
9.59846
16.0635
12.11
-12.0503
2.65173
4.26722
1.96789
-12.6806
6.07582
7.78883
-8.83361
-2.64891
-5.1796
-8.77283
3.08984
10.5037
25.5729
9.43081
5.43739
5.405
4.94412
11.0404
-6.89593
-5.93045
-12.8557
-10.3185
3.63942
11.0642
4.48238
4.04317
2.88821
2.59425
6.02867
15.4197
3.54398
9.06717
-6.73459
-8.48813
6.38662
8.34124
8.30069
8.55301
-7.30767
-8.87891
-12.2198
9.78217
12.6248
11.769
4.90531
16.8518
2.17395
9.12948
3.10259
10.278
-12.801
-1.75309
6.95947
1.83845
-4.68888
1.44185
-3.11838
-11.8007
-11.9639
-2.70294
13.8201
17.8763
-5.63577
9.46294
13.092
-9.24914
4.80418
5.39265
9.30386
9.49651
9.51374
11.084
8.27868
12.1385
10.853
10.464
13.7443
12.3013
6.59351
-10.6967
-2.69504
10.7925
5.5502
-7.73556
-0.369008
-14.1387
3.70629
5.51262
-12.9393
8.7424
-7.19032
1.25819
13.5751
14.4417
-2.27887
0.414441
8.92477
-7.47469
-4.19291
6.22863
-7.97818
-6.67916
3.31268
9.3005
-10.5406
3.16567
9.76453
4.66005
0.599183
15.2876
5.96333
-2.50242
1.15059
-0.486468
4.76202
-13.2184
1.37486
-3.53169
7.2942
2.43551
-5.78929
-8.89613
-9.3063
6.53319
17.9763
17.3302
-6.05236
1.20255
11.9401
3.75473
-8.56881
-12.038
9.07556
9.74386
11.2625
-11.4651
0.909538
11.027
5.19497
0.102157
11.6882
15.4974
-13.4003
-11.4644
-12.3282
4.36176
-13.6828
2.04669
-13.1699
9.61139
-9.5178
-3.95922
12.7153
-2.8241
-11.426
4.99305
1.80206
13.4346
-5.80439
-10.4691
-9.72366
0.626794
-11.5072
-11.6481
-2.62934
-10.2447
-12.1132
11.2802
10.7823
8.08179
-0.617646
-0.832719
11.1506
14.348
0.702897
-0.0880698
-7.65614
3.02009
-10.0414
-3.82607
-0.368517
-4.55918
5.21472
-0.653253
3.61672
5.78869
-9.6602
8.20745
8.23421
13.0346
9.7383
-2.41335
13.1622
13.2311
0.938549
0.532856
-12.0136
-0.17463
-3.18695
-12.2314
-3.09284
8.19541
-1.06408
10.1473
14.5758
3.46409
-1.94081
6.52136
5.65891
-0.982193
-12.3047
-7.70961
6.45863
3.91
3.63714
-1.92465
-3.3013
5.97694
-8.7172
7.009
8.69121
11.2977
5.447
9.02467
27.2537
15.4722
18.7552
1.6994
2.85085
0.209631
0.961511
13.0815
24.776
15.0955
9.47174
12.8161
28.1136
26.2514
2.88807
10.9026
6.03314
5.5999
14.7686
23.4186
21.7307
4.18952
9.51132
5.90723
24.5814
11.7884
23.8011
5.21945
22.3436
24.5495
-3.66777
-1.41891
2.35755
-10.4604
-0.180306
4.71712
-8.43993
1.82694
-8.01614
-13.2241
-12.2299
-1.60216
0.169281
9.35208
6.35891
15.0206
-10.407
-4.638
8.69399
5.12424
-7.68839
1.21399
6.29265
-1.66343
5.43269
3.438
8.64434
0.660396
5.09569
-5.0268
15.086
2.56337
4.55429
-13.1587
-9.03246
-9.62601
3.55843
-6.47238
2.20092
7.54229
-4.69646
4.97102
-7.05987
7.47282
-1.6769
-1.18885
12.6108
16.3631
6.17314
-9.74919
-6.9597
11.4848
3.4648
10.3329
-8.17867
-4.1025
1.77095
-7.53434
12.5579
-6.13336
-4.56113
-2.95835
11.7893
3.94332
-0.117049
3.2621
-5.63286
-8.55862
10.7897
11.5681
-14.0163
-5.90674
4.53909
-7.0762
-10.4339
-9.13782
5.73495
1.1229
20.7464
13.4964
7.37371
-12.1815
-1.60716
-0.161482
-11.8485
7.21417
10.736
3.92243
10.6798
7.29391
11.7891
-1.8813
-5.66444
-2.91637
15.4443
20.1193
-12.6543
11.479
-11.3401
-11.8645
12.0471
-10.3564
-0.77128
4.58616
-2.43264
0.794807
9.44834
-6.6977
-9.08229
2.22658
16.4996
22.678
3.04512
-11.3968
-2.87006
6.1966
11.8174
-4.13404
-0.88097
10.4972
-8.84013
-1.0919
-2.38407
1.49542
7.99173
8.72779
7.48013
24.1749
9.2068
-1.62618
-12.5271
6.25387
0.0173785
-1.29835
-1.15998
11.5847
14.4965
-3.71164
-9.11296
-10.5858
7.51494
4.09743
-0.877623
16.5675
11.7007
0.835529
-4.24335
7.51807
7.70149
7.87568
5.0153
11.8614
-9.21621
13.6312
-3.64322
10.7755
7.35903
5.07071
24.0305
21.8296
-6.55547
16.5859
2.81969
5.46191
-2.71243
13.6597
4.04664
-1.21598
-6.05193
4.93368
-2.80181
-12.537
-2.96889
0.903774
18.2834
11.8551
-10.2607
-9.22028
-6.75015
9.44079
10.6554
12.2651
8.30214
15.4392
10.8964
-9.34108
10.2147
4.25541
8.72963
10.3277
12.7576
3.65493
11.9136
-10.3591
9.63606
-3.79882
-9.69936
0.682703
6.9852
-4.75129
-9.38362
-7.81661
-3.28827
0.647495
5.08716
-9.26521
1.12357
23.9868
-4.48549
-6.37088
5.26725
-9.83008
-8.10573
0.569394
-9.39089
13.7907
1.22831
-12.1762
4.04607
-2.04206
10.1515
-8.1327
15.4171
32.0405
7.5857
10.3912
2.84149
8.12267
21.637
22.1196
15.901
23.3229
24.0737
24.5371
11.3657
19.4459
2.41017
14.0265
24.5229
17.7598
18.6745
7.1619
13.439
23.3212
15.9837
11.9806
20.4403
5.53276
15.9174
12.8198
16.8468
12.7276
17.5644
5.61121
17.2337
22.8689
0.271664
-2.89556
-8.36148
-6.27748
-11.644
1.69611
-11.2102
-12.2091
3.46542
0.504486
5.31292
3.96953
-12.4015
-4.33855
2.3614
20.0712
1.27723
0.176694
3.939
-9.53759
12.9743
-5.65297
-6.12411
0.595818
7.80114
10.2473
10.3688
-3.87746
-13.2492
-6.79307
8.78795
16.8424
4.31137
-1.4093
9.74501
2.66732
-13.7132
10.5348
5.45817
4.75223
0.0392492
-3.22891
-6.27824
-1.36226
5.43254
-2.29008
9.45743
9.98424
13.8866
11.8983
-0.82782
8.86096
-8.75462
6.04807
-2.54323
-9.95348
5.29539
-2.17442
-0.83094
5.04622
2.03251
9.12124
11.5331
8.15441
-4.28805
-6.18628
12.0112
-5.00124
-9.65152
4.46937
-11.249
8.38773
-8.75953
-2.52725
-5.97453
9.67301
10.1827
4.98482
6.76816
20.9831
2.88317
4.55497
4.93024
9.12855
-1.39696
-11.613
11.1751
-10.1016
-0.787407
-2.65588
9.94464
-9.75489
-4.53463
-5.98665
10.9431
12.0763
-1.17293
-4.39981
12.1761
6.17555
-12.9304
11.9271
0.563277
-8.68997
-1.60019
7.58875
-11.017
-5.41752
-0.426435
-8.63417
25.5643
24.3723
8.92079
3.582
8.58528
-6.47617
4.96901
4.76034
-1.57774
-7.8184
-8.89554
-4.6331
-2.57329
-1.43017
0.380251
1.01569
23.0114
0.246515
-13.3841
9.92322
8.38287
-15.3146
6.85028
-7.05386
-8.00453
-6.74991
-10.4651
-5.0215
0.832572
-0.891545
-4.65567
-6.51567
8.81113
9.22286
-10.9337
-6.84954
2.78895
5.03533
10.9108
-13.7888
12.2169
-11.9847
-6.42189
-6.35636
-1.4149
7.95836
8.65933
-6.66775
20.5818
25.8894
-5.74453
6.54855
13.9606
-12.8943
11.4947
-11.0439
-5.64417
13.0296
-5.06539
5.18841
-2.86196
6.27894
-11.3273
8.70322
0.410197
7.25972
-8.14631
8.33302
-10.2256
-10.2355
8.54423
-13.0087
-7.22024
-9.87766
-6.36503
2.36486
9.08071
-9.7057
-13.3029
7.24639
3.08384
7.88221
-0.205064
-8.46985
0.0583179
-0.710372
-5.51374
5.41415
-0.680788
3.42087
-3.39744
8.45725
-5.30019
-1.7247
6.16047
0.24388
23.371
25.1543
-6.4231
10.7888
-9.22135
-9.87887
11.7801
-5.44159
-9.75653
-10.5849
6.92327
12.3242
-6.29064
9.62037
6.57057
-1.72114
6.44127
14.0324
12.764
15.3533
17.9878
21.7113
5.62576
27.1762
7.98335
12.5254
18.84
15.9013
0.951425
15.4886
2.46357
23.1917
24.062
23.8213
26.8176
24.5311
19.3031
23.5985
29.2415
20.2012
25.9511
25.8817
20.6878
32.7797
21.3662
14.6462
17.8275
27.1599
26.2123
30.0371
4.0592
26.7173
14.8781
8.4506
24.9389
19.8318
22.8961
20.7073
11.4484
22.4515
7.74052
14.5734
20.0831
24.1956
33.8638
19.9611
11.5287
7.06582
26.4558
5.2172
18.8606
14.5107
22.1423
4.8131
13.402
7.06073
7.38333
20.3499
24.5758
20.6141
26.1229
13.3286
21.3313
3.5381
12.0856
17.2702
24.3699
7.9817
13.9775
11.8183
6.4332
21.718
24.3917
24.5163
17.9136
23.61
20.4304
15.2933
6.67581
10.3272
9.65946
22.5364
25.8379
6.80179
2.34947
15.2399
15.8625
12.7328
7.58986
12.4383
4.34688
0.249833
29.2245
10.7831
5.78794
5.15885
18.9484
2.15781
14.1406
7.92591
16.9761
23.5738
4.64394
15.3677
20.0901
21.5575
11.9777
6.96144
10.8381
25.6895
17.2887
10.6593
13.1899
15.1266
18.461
16.5393
3.36654
7.32357
2.27215
12.9564
20.7619
7.61903
13.2062
13.8352
18.3717
23.8031
16.994
0.245646
20.152
5.13456
8.17156
8.12804
28.7083
12.8155
25.4958
21.7984
8.37303
9.47346
27.7598
5.37283
32.3244
23.3386
17.0321
9.31685
3.17509
6.49313
25.8562
5.54163
14.8167
2.12834
20.498
8.57858
9.74737
4.70424
20.4137
13.0446
27.5127
21.3835
18.2903
13.8504
17.5423
23.4618
21.9784
17.2506
11.2773
20.4742
14.049
17.6503
27.9476
10.8088
21.0232
20.0746
31.8198
22.6978
8.39144
2.03241
19.5484
3.24764
8.57403
6.3651
7.37599
27.0721
13.9437
14.1234
2.7763
6.3574
1.16797
21.4747
25.4475
29.3624
11.3251
10.3074
19.92
5.30349
28.558
1.19735
26.7777
11.607
15.8477
22.7253
20.4158
10.8709
18.7999
19.2732
30.5615
34.5606
21.3056
16.4745
6.43897
2.8796
23.8396
11.815
4.95165
10.7833
23.9383
3.72795
14.1407
27.1063
2.20265
7.90584
28.762
21.2153
16.2133
12.4845
20.8312
17.7713
12.6819
16.6089
3.3783
2.52959
11.3342
19.7941
9.40046
3.13406
14.0673
8.32659
12.9627
17.4501
22.8011
7.76435
12.2525
19.6407
18.5793
14.2041
28.4241
15.5176
15.9321
14.5648
14.6239
20.1347
22.4706
8.1884
15.5487
27.149
27.3527
32.8603
11.3331
13.9248
21.7677
11.1657
13.7296
31.8524
29.8787
23.1439
9.03417
18.8418
30.1107
12.0465
34.0497
