1.84019
1.39438
1.7831
1.79844
1.91165
1.19755
1.33522
1.76823
1.27777
1.55397
1.4774
1.62887
1.36478
1.5134
1.95223
1.9162
1.63571
1.7173
1.1416
1.60697
1.0163
1.24289
1.13723
1.80418
1.15668
1.40094
1.12979
1.10881
1.99892
1.21826
1.51293
1.83911
1.61264
1.29603
1.63755
1.52429
1.49358
1.97278
1.29252
1.77136
1.52674
1.76991
1.40023
1.89153
1.28331
1.35246
1.80772
1.91903
1.06976
1.94933
1.526
1.08606
1.19221
1.66323
1.89023
1.34889
1.06417
1.02002
1.4577
1.0631
1.23828
1.97063
1.90221
1.85092
1.26667
1.53976
1.37521
1.76025
1.51254
1.66772
1.53161
1.03928
1.43764
1.93184
1.93081
1.72095
1.28429
1.73853
1.63998
1.35405
1.68786
1.16597
1.4401
1.88008
1.8292
1.33034
1.22897
1.89337
1.35036
1.68667
1.95647
1.58864
1.6573
1.85868
1.43956
1.92397
1.39844
1.81477
1.68422
1.91097
1.48249
1.21582
1.95025
1.92013
1.14766
1.88106
1.64108
1.43195
1.6196
1.28106
1.786
1.30746
1.44703
1.22611
1.18753
1.27623
1.55644
1.4165
1.16961
1.9068
1.10317
1.12608
1.49544
1.76048
1.98475
1.935
1.68445
1.38319
1.74977
1.36866
1.29416
1.23226
1.58449
1.24441
1.15239
1.73215
1.12547
1.79347
1.1641
1.74507
1.07453
1.9501
1.05253
1.52156
1.17621
1.24006
1.7978
1.73265
1.65656
1.96741
1.63946
1.75973
1.09348
1.1349
1.52021
1.07823
1.06991
1.20466
1.46142
1.81968
1.57332
1.75558
1.05194
1.15781
1.99999
1.20433
1.88996
1.12547
1.9978
1.05406
1.87054
1.07233
1.00416
1.92307
1.59389
1.18037
1.16313
1.39169
1.91303
1.8197
1.3591
1.55249
1.57943
1.45258
1.68739
1.09964
1.53081
1.75729
1.3043
1.99223
1.57697
1.87761
1.74781
1.62891
1.03542
1.7478
1.83324
1.92538
1.87327
1.83104
1.97943
1.74381
1.90337
1.9836
1.66688
1.49726
1.16397
1.83001
1.88895
1.07699
1.64971
1.24804
1.62948
1.22914
1.70062
1.31687
1.32878
1.23143
1.07416
1.63307
1.22366
1.65113
1.51069
1.97147
1.28004
1.54611
1.71927
1.11328
1.47148
1.59254
1.94432
1.45092
1.33635
1.84768
1.43451
1.00323
1.34494
1.59848
1.83324
1.23389
1.67548
1.48295
1.48194
1.30496
1.71209
1.18256
1.62182
1.04086
1.41398
1.69598
1.67394
1.63764
1.34712
1.18462
1.60911
1.62716
1.73073
1.32837
1.74044
1.20221
1.92091
1.68476
1.65313
1.25727
1.53244
1.08764
1.2605
1.87738
1.68612
1.09374
1.11128
1.3616
1.57669
1.59321
1.66656
1.28878
1.77577
1.28838
1.32964
1.18975
1.98436
1.00358
1.82739
1.33148
1.1882
1.4365
1.95864
1.91893
1.76487
1.69908
1.12114
1.68579
1.38383
1.77427
1.94305
1.91627
1.86192
1.20355
1.79366
1.54804
1.29729
1.90493
1.90964
1.87398
1.49814
1.5762
1.16276
1.27391
1.86458
1.4924
1.46366
1.84894
1.49598
1.29105
1.18042
1.68418
1.72755
1.13906
1.60311
1.49242
1.83813
1.72425
1.17821
1.22197
1.49853
1.12126
1.13824
1.36044
1.32481
1.9319
1.90848
1.6221
1.83683
1.81813
1.49607
1.33497
1.39433
1.65883
1.60888
1.25891
1.15123
1.07255
1.10785
1.64721
1.3636
1.28827
1.33139
1.09115
1.42733
1.93449
1.58357
1.26546
1.65875
1.76178
1.48743
1.15727
1.88304
1.62567
1.51771
1.20784
1.55756
1.4262
1.82994
1.39439
1.24433
1.32601
1.72936
1.63865
1.98484
1.33824
1.89756
1.13607
1.41079
1.00541
1.78328
1.77439
1.29368
1.11467
1.86553
1.72101
1.04916
1.44911
1.98647
1.70791
1.21088
1.47389
1.86518
1.09392
1.09956
1.3829
1.30176
1.65712
1.8091
1.1317
1.05151
1.05342
1.45772
1.78087
1.69208
1.44256
1.11911
1.58964
1.57863
1.5299
1.59505
1.36192
1.30429
1.88872
1.47658
1.16982
1.60973
1.52575
1.61893
1.5962
1.23366
1.82981
1.07009
1.09884
1.92373
1.16965
1.48173
1.22549
1.82677
1.29083
1.35719
1.87828
1.34425
1.81491
1.65915
1.03633
1.25747
1.77826
1.62596
1.8361
1.30816
1.22101
1.19802
1.61244
1.10973
1.67461
1.78226
1.71946
1.20035
1.40119
1.31566
1.43401
1.231
1.38575
1.53285
1.15472
1.5554
1.01458
1.38021
1.38217
1.30541
1.73741
1.26044
1.64966
1.55232
1.91959
1.68599
1.80979
1.69785
1.31195
1.64589
1.006
1.53296
1.84391
1.61845
1.64269
1.51851
1.40071
1.36215
1.71887
1.8019
1.67781
1.15288
1.03289
1.06356
1.68572
1.18762
1.61896
1.7003
1.56783
1.00113
1.00571
1.30524
1.26157
1.65537
1.85756
1.18116
1.34135
1.66734
1.87901
1.6533
1.31323
1.88501
1.18626
1.15714
1.50346
1.82896
1.67565
1.90417
1.19111
1.39452
1.70607
1.86892
1.5474
1.73896
1.93248
1.23312
1.92658
1.55144
1.93342
1.49441
1.55257
1.93913
1.79965
1.81414
1.5945
1.6572
1.9953
1.93585
1.32454
1.87431
1.58916
1.63777
1.75932
1.77542
1.79491
1.26278
1.60438
1.47056
1.16695
1.79549
1.86509
1.87302
1.66441
1.41248
1.61198
1.5969
1.6456
1.53856
1.14834
1.57902
1.03296
1.70091
1.51815
1.83261
1.51505
1.11265
1.48981
1.51035
1.0485
1.81435
1.38466
1.63766
1.45212
1.14398
1.41308
1.24703
1.40677
1.01746
1.7176
1.57372
1.81295
1.58268
1.44674
1.47736
1.99516
1.05872
1.07426
1.64077
1.59728
1.2226
1.21979
1.63024
1.92351
1.73794
1.46285
1.43856
1.85059
1.95266
1.94891
1.89909
1.76701
1.33357
1.53674
1.21914
1.47755
1.94982
1.46617
1.88432
1.96728
1.18377
1.45804
1.78022
1.76645
1.90478
1.25759
1.76161
1.9635
1.33185
1.40238
1.56078
1.55445
1.62217
1.19103
1.47796
1.36011
1.65388
1.91652
1.21069
1.60654
1.86543
1.10978
1.37356
1.199
1.64652
1.59269
1.67655
1.59634
1.05886
1.56087
1.56362
1.24263
1.01891
1.34384
1.00907
1.92369
1.60143
1.77069
1.8872
1.93327
1.17306
1.44798
1.48772
1.79523
1.63901
1.96568
1.15534
1.29289
1.8822
1.36603
1.89943
1.74764
1.47581
1.27299
1.94664
1.12233
1.86568
1.62319
1.71867
1.92454
1.18407
1.28228
1.16717
1.20298
1.62613
1.17624
1.12667
1.22755
1.94692
1.01387
1.16082
1.11999
1.46185
1.64855
1.91522
1.10086
1.61423
1.07056
1.39375
1.49643
1.43658
1.29318
1.24407
1.91239
1.56616
1.19071
1.03472
1.43184
1.8139
1.75338
1.35638
1.99797
1.03567
1.52355
1.20095
1.66179
1.69979
1.32762
1.88934
1.64671
1.34148
1.05017
1.7667
1.80333
1.69871
1.68192
1.90419
1.31294
1.75248
1.29793
1.80937
1.18906
1.59111
1.05344
1.10145
1.15728
1.24415
1.13617
1.58912
1.05805
1.88955
1.9455
1.05602
1.92522
1.46905
1.25697
1.58701
1.16884
1.58459
1.47635
1.81555
1.92607
1.52652
1.58225
1.7294
1.22524
1.26417
1.63358
1.53818
1.01665
1.93152
1.34755
1.20571
1.52263
1.40099
1.30717
1.6799
1.64513
1.44334
1.26902
1.70319
1.33289
1.21452
1.75921
1.25811
1.68357
1.01618
1.84512
1.85241
1.60076
1.32148
1.66796
1.52683
1.848
1.25021
1.25623
1.07324
1.51438
1.88981
1.61141
1.53103
1.82133
1.95896
1.73675
1.34396
1.35994
1.04392
1.02386
1.00508
1.48725
1.29289
1.70826
1.82015
1.50741
1.46747
1.07826
1.19098
1.48365
1.92338
1.04339
1.08441
1.24486
1.71135
1.61124
1.09286
1.96157
1.86747
1.16609
1.47595
1.75728
1.7775
1.00698
1.57861
1.73646
1.74373
1.92257
1.0964
1.78764
1.94644
1.10148
1.2749
1.23932
1.80974
1.09504
1.74673
1.27721
1.1733
1.93771
1.76086
1.09668
1.98111
1.84527
1.34154
1.69246
1.45651
1.4344
1.65403
1.32398
1.60049
1.12998
1.08127
1.378
1.13696
1.65988
1.11446
1.88068
1.58245
1.21086
1.66833
1.52888
1.31234
1.94322
1.76821
1.12209
1.03826
1.51494
1.3993
1.21157
1.45265
1.16016
1.30825
1.43376
1.00543
1.64979
1.12622
1.46195
1.08418
1.78025
1.78593
1.68468
1.91023
1.8672
1.06267
1.04718
1.52707
1.17713
1.92787
1.10952
1.388
1.59619
1.63841
1.70034
1.53941
1.40662
1.82243
1.57768
1.92155
1.22173
1.78924
1.3742
1.38189
1.09749
1.80796
1.38732
1.74728
1.93418
1.84927
1.83146
1.71443
1.6352
1.51614
1.62466
1.5024
1.57881
1.67184
1.02948
1.75595
1.59971
1.139
1.14394
1.1959
1.77741
1.84428
1.73531
1.18403
1.66671
1.31299
1.10558
1.88843
1.10223
1.47978
1.27032
1.19972
1.28774
1.65764
1.947
1.22192
1.50691
1.77846
1.93635
1.14212
1.2946
1.56101
1.64452
1.87341
1.23285
1.674
1.62936
1.83255
1.813
1.7733
1.02845
1.59041
1.61758
1.76376
1.77443
1.28429
1.07675
1.88001
1.17272
1.17899
1.35979
1.44304
1.37871
1.64752
1.10069
1.32571
1.86944
1.6076
1.10417
1.80579
1.74972
1.39878
1.3668
1.39424
1.27219
1.59964
1.06823
1.90155
1.4322
1.88123
1.67485
1.46065
1.47164
1.29243
1.22442
1.24607
1.57672
1.30117
1.12608
1.74944
1.48016
1.48587
1.19249
1.85887
1.13339
1.29317
1.18458
1.00283
1.90077
1.28875
1.80862
1.65049
1.68753
1.17541
1.04473
1.95972
1.77506
1.11296
1.86127
1.20726
1.9942
1.53611
1.66791
1.46583
1.82855
1.89232
1.71191
1.40527
1.19349
1.83799
1.15471
1.67365
1.32385
1.3472
1.53251
1.45724
1.64037
1.71709
1.46007
1.54114
1.00584
1.26868
1.19163
1.69337
1.4441
1.23636
1.65309
1.21915
1.34932
1.51435
1.42641
1.34352
1.05047
1.09432
1.80935
1.87901
1.98664
1.52126
1.28428
1.18014
1.35925
1.43899
1.85378
1.6831
1.78619
1.3863
1.14034
1.42655
1.10339
1.60041
1.96769
1.10923
1.86909
1.15932
1.8026
1.31319
1.39568
1.45569
1.53234
1.74501
1.97004
1.95875
1.08853
1.02051
1.05307
1.89788
1.89952
1.03972
1.41914
1.1838
1.21985
1.77839
1.62279
1.07364
1.46149
1.40898
1.45994
1.60183
1.83553
1.56333
1.20223
1.80323
1.67256
1.07132
1.96255
1.47516
1.38451
1.35824
1.93085
1.91685
1.10324
1.9009
1.8756
1.19177
1.9214
1.92868
1.08965
1.82093
1.96839
1.5088
1.00473
1.18825
1.28719
1.62752
1.26189
1.74868
1.0365
1.72182
1.35051
1.87203
1.28515
1.55274
1.67526
1.95771
1.62406
1.63781
1.43287
1.00857
1.99604
1.36373
1.92542
1.09929
1.26462
1.80102
1.29106
1.18603
1.7297
1.38071
1.00695
1.6981
1.88951
1.01168
1.88634
1.1767
1.6392
1.14823
1.92538
1.67569
1.87005
1.27588
1.54772
1.1552
1.82862
1.22298
1.11291
1.45268
1.86078
1.54578
1.46125
1.85683
1.90951
1.38667
1.95611
1.17414
1.18769
1.24717
1.36016
1.91739
1.62788
1.36712
1.61549
1.51739
1.3788
1.50184
1.69409
1.018
1.65007
1.61947
1.69369
1.52012
1.89535
1.24141
1.67532
1.72398
1.46439
1.78823
1.17666
1.32518
1.33402
1.63791
1.182
1.24353
1.02458
1.13811
1.41766
1.21227
1.38528
1.77783
1.12966
1.01316
1.14495
1.74515
1.53055
1.52375
1.24699
1.22464
1.54174
1.89706
1.84411
1.23544
1.41717
1.73947
1.47685
1.09249
1.46344
1.94124
1.88073
1.6401
1.26642
1.21474
1.278
1.44842
1.45827
1.30258
1.58654
1.87593
1.51485
1.97182
1.65376
1.64451
1.98498
1.79871
1.38967
1.51553
1.32245
1.63666
1.74018
1.86419
1.53371
1.58429
1.09963
1.95089
1.32375
1.57648
1.04338
1.7872
1.51772
1.9241
1.4273
1.78414
1.13884
1.7053
1.23257
1.59711
1.00788
1.8191
1.47305
1.52273
1.79092
1.12681
1.16724
1.7759
1.92551
1.55691
1.29143
1.24796
1.19356
1.03161
1.11216
1.72728
1.61589
1.21179
1.67816
1.93965
1.78827
1.72154
1.72685
1.30599
1.64564
1.15414
1.09013
1.78449
1.85944
1.32269
1.3816
1.86732
1.1418
1.85465
1.39005
1.93272
1.98145
1.55729
1.70862
1.90696
1.1142
1.00005
1.15493
1.30776
1.03165
1.26708
1.03504
1.64755
1.47887
1.7132
1.5872
1.26713
1.43474
1.31404
1.57312
1.08038
1.46818
1.66325
1.86487
1.32763
1.98595
1.24648
1.19495
1.12774
1.10112
1.585
1.06046
1.08258
1.14229
1.76907
1.98954
1.25649
1.76912
1.14447
1.56425
1.80077
1.41155
1.59929
1.44832
1.89042
1.31249
1.03552
1.15755
1.74723
1.34956
1.73068
1.82761
1.81775
1.39393
1.69249
1.14537
1.37987
1.93896
1.34032
1.50762
1.04009
1.92532
1.56808
1.12266
1.06761
1.33715
1.11221
1.3241
1.10627
1.25667
1.88835
1.90705
1.66822
1.48764
1.35537
1.55864
1.80013
1.39089
1.7162
1.54736
1.74045
1.44688
1.37497
1.5582
1.8408
1.06746
1.70357
1.22068
1.00643
1.04389
1.7283
1.04651
1.96921
1.29637
1.16918
1.03682
1.63352
1.28138
1.36091
1.73979
1.53806
1.24926
1.64684
1.20628
1.7369
1.00221
1.76492
1.53703
1.3931
1.48112
1.08439
1.13355
1.928
1.45936
1.69175
1.7688
1.52683
1.39532
1.98948
1.53325
1.43921
1.71778
1.57977
1.40842
1.01415
1.74894
1.44523
1.64767
1.03032
1.80615
1.38747
1.56838
1.05541
1.03431
1.77466
1.79231
1.03652
1.53958
1.32934
1.42961
1.02071
1.41373
1.56316
1.94871
1.8731
1.25491
1.71751
1.39992
1.65022
1.707
1.93318
1.08943
1.42477
1.51294
1.49785
1.43892
1.26188
1.94308
1.0866
1.29221
1.74923
1.47406
1.86059
1.80464
1.50837
1.63525
1.59695
1.54489
1.17483
1.92629
1.9745
1.19554
1.34003
1.53766
1.14425
1.21312
1.79257
1.86176
1.61305
1.44279
1.56875
1.54622
1.53222
1.99353
1.05916
1.03007
1.43245
1.32105
1.97315
1.51905
1.61325
1.72238
1.99311
1.47384
1.52702
1.50148
1.10909
1.12397
1.04637
1.28392
1.05026
1.02086
1.47946
1.39029
1.55852
1.6237
1.60341
1.35109
1.48546
1.21646
1.79388
1.05421
1.76268
1.3261
1.04774
1.82184
1.35616
1.48019
1.14289
1.32931
1.99924
1.75614
1.05169
1.99235
1.22998
1.5787
1.49383
1.33907
1.70267
1.5402
1.62299
1.75294
1.56106
1.10244
1.14322
1.11958
1.72614
1.74664
1.47067
1.2116
1.96309
1.26455
1.26582
1.72577
1.59065
1.31356
1.54761
1.94681
1.79375
1.6905
1.27612
1.79299
1.44664
1.32781
1.78535
1.67663
1.90651
1.27918
1.0157
1.60918
1.81937
1.63869
1.36211
1.38043
1.74113
1.50534
1.50002
1.46727
1.25197
1.97069
1.67888
1.21507
1.23525
1.9447
1.94084
1.82589
1.25826
1.48845
1.77271
1.05201
1.17895
1.04883
1.845
1.6256
1.37663
1.63035
1.30222
1.28314
1.90953
1.31792
1.89232
1.7289
1.95661
1.25443
1.10934
1.69774
1.75977
1.60936
1.16502
1.01175
1.58005
1.84389
1.22681
1.81529
1.78859
1.16765
1.64119
1.04685
1.6561
1.41389
1.09886
1.83505
1.46272
1.94386
1.46065
1.83935
1.57421
1.76287
1.12249
1.48374
1.0808
1.01481
1.21265
1.03741
1.26924
1.32198
1.73515
1.02901
1.93134
1.90016
1.04076
1.51139
1.74406
1.26757
1.32668
1.53265
1.43522
1.96787
1.57949
1.09131
1.38176
1.67835
1.92636
1.84448
1.62221
1.38701
1.68383
1.19643
1.14988
1.80632
1.68017
1.23068
1.82113
1.89282
1.26808
1.09037
1.2148
1.00323
1.11938
1.14614
1.90339
1.16013
1.65752
1.64745
1.4277
1.9842
1.1801
1.86292
1.95207
1.75959
1.95423
1.33383
1.43794
1.8806
1.17831
1.06016
1.26761
1.86215
1.25658
1.41749
1.66847
1.93675
1.64817
1.4896
1.82957
1.91625
1.57997
1.04437
1.91948
1.69934
1.1905
1.82288
1.85948
1.84802
1.47032
1.28718
1.83222
1.65042
1.1501
1.78429
1.41001
1.10433
1.11813
1.84795
1.98493
1.29644
1.90811
1.25253
1.15859
1.16469
1.67002
1.82706
1.10145
1.31819
1.31665
1.93101
1.23444
1.89662
1.97538
1.15392
1.59596
1.16588
1.9768
1.45544
1.0139
1.44712
1.74262
1.84613
1.09754
1.89272
1.63042
1.50756
1.99705
1.74855
1.35551
1.98198
1.04499
1.26362
1.23451
1.20358
1.42831
1.90454
1.03063
1.52975
1.22273
1.34729
1.46077
1.45717
1.24391
1.43615
1.61109
1.83987
1.60203
1.58789
1.29531
1.61594
1.03501
1.03793
1.46207
1.13256
1.93065
1.09249
1.64011
1.92771
1.84104
1.99562
1.90969
1.88603
1.25924
1.1442
1.08961
1.68755
1.04874
1.12024
1.2173
1.27147
1.46753
1.67807
1.72864
1.71143
1.11422
1.33973
1.5513
1.71625
1.92762
1.84661
1.33218
1.96264
1.88454
1.79425
1.09519
1.8152
1.88674
1.73531
1.7429
1.72778
1.73093
1.65259
1.61381
1.99016
1.79679
1.70342
1.67771
1.84553
1.82366
1.89501
1.11699
1.29119
1.57308
1.84563
1.00262
1.68729
1.18536
1.55392
1.40354
1.11299
1.40054
1.73572
1.07562
1.28508
1.52997
1.17082
1.10028
1.41671
1.90613
1.84318
1.14448
1.63705
1.49577
1.75829
1.62722
1.29256
1.46171
1.30493
1.13808
1.28536
1.19994
1.25508
1.57655
1.77302
1.10071
1.57918
1.46031
1.28607
1.1331
1.86385
1.39906
1.53364
1.59957
1.47469
1.81872
1.12954
1.64551
1.91899
1.54625
1.55163
1.76217
1.69073
1.18869
1.25794
1.44902
1.81591
1.55049
1.91073
1.12083
1.68858
1.19609
1.32077
1.94365
1.77264
1.09379
1.04436
1.35182
1.5541
1.33044
1.48492
1.41795
1.7295
1.01856
1.01752
1.20419
1.83727
1.14706
1.84969
1.75626
1.69331
1.40133
1.51844
1.38404
1.59001
1.77637
1.83306
1.40592
1.32687
1.74379
1.52675
1.01544
1.93988
1.84752
1.9591
1.71252
1.94131
1.00346
1.06434
1.49541
1.33389
1.54926
1.91336
1.06339
1.56782
1.93087
1.26758
1.40509
1.07794
1.11727
1.16135
1.77125
1.5186
1.67979
1.15529
1.10861
1.45616
1.98835
1.51452
1.78303
1.73214
1.04128
1.79847
1.67202
1.8888
1.75757
1.38454
1.83011
1.76103
1.44888
1.32552
1.09492
1.99814
1.23887
1.15832
1.56596
1.16975
1.42589
1.97105
1.24769
1.54316
1.1324
1.01893
1.06176
1.81219
1.17422
1.17037
1.26835
1.16257
1.68489
1.05138
1.89471
1.72617
1.84986
1.56673
1.61497
1.60743
1.95127
1.44508
1.36846
1.40015
1.7706
1.46338
1.39829
1.00947
1.62169
1.96425
1.17922
1.04759
1.9353
1.4269
1.59075
1.0677
1.44584
1.65251
1.87988
1.62006
1.82288
1.14824
1.78263
1.50777
1.19962
1.67734
1.23394
1.04947
1.24407
1.84891
1.6569
1.19534
1.29399
1.02535
1.59548
1.06459
1.48873
1.99377
1.07406
1.11043
1.95802
1.25328
1.15802
1.89332
1.68018
1.74877
1.96101
1.12602
1.40128
1.8409
1.74607
1.22416
1.98913
1.52871
1.73194
1.18875
1.20605
1.96588
1.23822
1.45012
1.81479
1.89512
1.64545
1.10879
1.92048
1.24094
1.17337
1.40921
1.23471
1.24743
1.51964
1.19273
1.50071
1.67765
1.08605
1.18089
1.42642
1.04707
1.3069
1.82771
1.88796
1.05298
1.05187
1.8771
1.58168
1.78381
1.06585
1.78773
1.74969
1.30408
1.23785
1.56448
1.1992
1.8833
1.67327
1.11968
1.12424
1.84664
1.52889
1.35895
1.09407
1.04853
1.55168
1.59478
1.72619
1.63773
1.77567
1.15261
1.6848
1.08257
1.98032
1.57276
1.13554
1.03218
1.44986
1.71723
1.81599
1.51571
1.50496
1.56568
1.81979
1.7428
1.13017
1.01899
1.6261
1.80343
1.13867
1.75034
1.65008
1.66756
1.10928
1.74415
1.71609
1.66097
1.33893
1.44228
1.2987
1.11459
1.59489
1.9835
1.19716
1.5752
1.55626
1.33271
1.60739
1.00612
1.04993
1.42338
1.52183
1.55489
1.98906
1.34162
1.29769
1.11922
1.36061
1.92379
1.92266
1.49928
1.67413
1.57273
1.16684
1.78341
1.31688
1.88293
1.44438
1.65581
1.32521
1.74308
1.77041
1.92009
1.72657
1.96757
1.4953
1.28283
1.30027
1.10268
1.28896
1.35021
1.52606
1.81079
1.9051
1.51512
1.15241
1.20279
1.63434
1.51302
1.12658
1.557
1.0123
1.80071
1.12974
1.17914
1.58412
1.44662
1.06207
1.0285
1.10243
1.38727
1.77158
1.87284
1.30737
1.49815
1.84041
1.80266
1.78099
1.14068
1.90535
1.06994
1.49089
1.43141
1.88073
1.39599
1.94653
1.03315
1.59878
1.58087
1.54617
1.72535
1.13787
1.55847
1.52606
1.26761
1.73761
1.11018
1.71423
1.79968
1.13868
1.81667
1.18695
1.91026
1.68951
1.49432
1.40841
1.52992
1.29698
1.1894
1.6706
1.20233
1.25935
1.16149
1.63373
1.14008
1.55748
1.58026
1.17323
1.15626
1.16113
1.7194
1.88161
1.29901
1.27787
1.40767
1.56662
1.01548
1.51786
1.28085
1.81516
1.65654
1.09752
1.00211
1.5668
1.78703
1.49643
1.97522
1.31695
1.79341
1.16462
1.98755
1.99574
1.42396
1.14904
1.62947
1.56404
1.70652
1.20973
1.73727
1.86278
1.37086
1.45667
1.74439
1.66987
1.73454
1.15206
1.23649
1.75003
1.66992
1.51734
1.56519
1.32646
1.61486
1.5673
1.89326
1.40189
1.06373
1.86847
1.71883
1.85714
1.03309
1.70638
1.85288
1.45705
1.85542
1.48235
1.02109
1.56194
1.69208
1.75836
1.42472
1.06295
1.21503
1.16911
1.73282
1.94958
1.32117
1.96931
1.6996
1.99109
1.48665
1.26479
1.31755
1.10151
1.8321
1.21081
1.50339
1.89583
1.07928
1.22222
1.75297
1.11237
1.9286
1.60585
1.56942
1.78402
1.0882
1.59052
1.34596
1.78028
1.34888
1.77068
1.84323
1.56391
1.93979
1.57605
1.51349
1.26096
1.54536
1.21309
1.25205
1.032
1.47789
1.5696
1.13351
1.30998
1.78041
1.63691
1.20581
1.85969
1.85913
1.95878
1.97206
1.78773
1.56463
1.54148
1.57175
1.65283
1.132
1.91772
1.43311
1.48088
1.6884
1.27634
1.0448
1.62819
1.85239
1.55829
1.88915
1.39775
1.77138
1.14121
1.42975
1.24927
1.71081
1.56326
1.55925
1.49121
1.20017
1.76506
1.3509
1.0593
1.72384
1.32296
1.84703
1.28847
1.86444
1.41879
1.9413
1.99644
1.3365
1.37441
1.47732
1.0249
1.65076
1.52212
1.65309
1.50315
1.08041
1.54225
1.9009
1.85179
1.68345
1.33065
1.10105
1.39426
1.89391
1.6603
1.88547
1.09408
1.42536
1.23637
1.15338
1.1492
1.55933
1.00041
1.43767
1.42378
1.41919
1.37897
1.42022
1.75569
1.75338
1.89754
1.78059
1.40414
1.41966
1.43369
1.90728
1.50007
1.97593
1.80818
1.35185
1.65939
1.13883
1.4529
1.05365
1.03274
1.11321
1.93912
1.12681
1.53857
1.1755
1.28019
1.68777
1.73483
1.28059
1.12543
1.15861
1.69978
1.5044
1.57883
1.45548
1.25778
1.47637
1.23607
1.66191
1.89603
1.66976
1.5692
1.39609
1.64569
1.37738
1.74794
1.30508
1.5162
1.20085
1.35873
1.54894
1.31405
1.29785
1.67575
1.85262
1.47334
1.95594
1.54039
1.20818
1.23653
1.66582
1.36678
1.93631
1.17022
1.94561
1.39179
1.428
1.42197
1.62786
1.08991
1.318
1.29762
1.65911
1.71409
1.94331
1.03649
1.46203
1.2484
1.55269
1.66288
1.60712
1.10163
1.97693
1.90497
1.77738
1.82956
1.37832
1.73332
1.36995
1.58649
1.96985
1.03577
1.95327
1.90616
1.20599
1.89888
1.29796
1.63399
1.32086
1.92582
1.7239
1.63886
1.22344
1.38301
1.35295
1.16676
1.4195
1.81498
1.41515
1.97219
1.47786
1.02227
1.07382
1.4548
1.92724
1.8512
1.28435
1.30556
1.58452
1.6543
1.89205
1.55437
1.69007
1.84532
1.46054
1.89606
1.74421
1.75849
1.53004
1.06506
1.68431
1.25395
1.70392
1.90775
1.63696
1.05687
1.07451
1.05646
1.87185
1.48966
1.02865
1.34971
1.51193
1.10248
1.80451
1.43917
1.95368
1.08886
1.74473
1.5382
1.74316
1.63678
1.09258
1.43323
1.48211
1.55311
1.32929
1.22631
1.3116
1.85933
1.29138
1.99591
1.11327
1.9953
1.90366
1.75023
1.05217
1.97817
1.80669
1.92402
1.46782
1.83535
1.27373
1.97975
1.93783
1.07824
1.41892
1.89151
1.1671
1.16366
1.42971
1.91027
1.80044
1.52229
1.3435
1.28255
1.0754
1.67278
1.50886
1.387
1.53211
1.80024
1.38292
1.64538
1.79554
1.28658
1.39562
1.8477
1.26474
1.20231
1.77172
1.73257
1.03766
1.04545
1.71232
1.97548
1.12369
1.13124
1.86699
1.2908
1.2949
1.29671
1.20107
1.09534
1.819
1.54456
1.37789
1.8944
1.21735
1.88675
1.2814
1.74946
1.68699
1.66432
1.39484
1.48253
1.95089
1.79046
1.33023
1.21564
1.99277
1.10195
1.94821
1.03043
1.14741
1.66053
1.00591
1.2711
1.79177
1.8729
1.5619
1.08667
1.16961
1.76297
1.18201
1.98861
1.30753
1.5599
1.883
1.52488
1.44665
1.1644
1.27434
1.13364
1.82872
1.66918
1.61616
1.77961
1.45964
1.94639
1.99525
1.4524
1.04835
1.94346
1.48283
1.19575
1.60398
1.48874
1.46686
1.39575
1.36164
1.02876
1.48243
1.53125
1.79173
1.66444
1.51986
1.09926
1.22434
1.40286
1.62414
1.67099
1.56727
1.89847
1.80462
1.39599
1.56765
1.42079
1.1756
1.02728
1.36718
1.17086
1.47969
1.41553
1.11432
1.96252
1.61128
1.7183
1.45126
1.07813
1.11405
1.8129
1.10689
1.59648
1.34416
1.89862
1.26092
1.86402
1.99787
1.48526
1.26688
1.62201
1.15624
1.83415
1.52048
1.96087
1.23014
1.08813
1.38166
1.40574
1.11541
1.74884
1.5766
1.5951
1.16436
1.69092
1.55762
1.77564
1.40922
1.00888
1.85378
1.52327
1.82178
1.96067
1.11975
1.16593
1.85928
1.38067
1.02995
1.85716
1.86593
1.29683
1.47917
1.02217
1.13098
1.99965
1.98304
1.36112
1.08778
1.36469
1.76686
1.2032
1.11353
1.34346
1.7983
1.27789
1.03438
1.35592
1.05353
1.4436
1.36479
1.90731
1.96687
1.18657
1.86798
1.08662
1.35251
1.72726
1.46729
1.38246
1.58442
1.33322
1.67929
1.06359
1.35539
1.81027
1.06324
1.33843
1.17138
1.15102
1.70312
1.93825
1.35422
1.81665
1.28171
1.15252
1.09454
1.31609
1.50843
1.14808
1.75969
1.87323
1.05539
1.72656
1.0598
1.92336
1.81318
1.41231
1.65063
1.28047
1.79476
1.23505
1.61368
1.47405
1.29864
1.96907
1.28432
1.36188
1.3075
1.4557
1.51291
1.01062
1.39395
1.86713
1.82727
1.67566
1.01964
1.92181
1.99175
1.52808
1.06989
1.75144
1.40131
1.12528
1.478
1.46111
1.04864
1.29117
1.87341
1.69926
1.57164
1.66818
1.93431
1.18532
1.14223
1.23295
1.15439
1.42654
1.59483
1.46189
1.88224
1.10774
1.47251
1.27619
1.97487
1.29978
1.95185
1.99451
1.22159
1.9436
1.52259
1.29148
1.69504
1.92389
1.41675
1.17304
1.385
1.46539
1.46421
1.25841
1.16465
1.03585
1.92659
1.09897
1.22117
1.06881
1.33192
1.37556
1.49535
1.92675
1.83745
1.3776
1.03449
1.30996
1.65379
1.00935
1.60974
1.60564
1.00386
1.83132
1.54924
1.52645
1.1228
1.24428
1.45034
1.53955
1.41731
1.83535
1.00494
1.88152
1.09376
1.16959
1.91737
1.02035
1.26856
1.13854
1.08916
1.60048
1.5141
1.58452
1.52722
1.35156
1.96211
1.56171
1.66152
1.6159
1.57106
1.27125
1.22154
1.57493
1.10258
1.77077
1.10138
1.22538
1.01505
1.55172
1.76492
1.43236
1.38707
1.76986
1.31388
1.48083
1.93945
1.23125
1.50117
1.20801
1.36979
1.59033
1.80849
1.8839
1.17485
1.33571
1.23545
1.13696
1.89742
1.89697
1.75286
1.46849
1.16823
1.9744
1.04341
1.2708
1.74517
1.14479
1.49618
1.76022
1.69651
1.2611
1.19259
1.08358
1.03096
1.50647
1.56441
1.97042
1.73772
1.06558
1.17843
1.10752
1.65591
1.98692
1.99141
1.83076
1.32263
1.22687
1.96773
1.22005
1.12384
1.72059
1.68854
1.29206
1.69499
1.73196
1.56287
1.44016
1.87675
1.05904
1.20038
1.57326
1.32015
1.39297
1.65684
1.35111
1.89944
1.22125
1.32153
1.63716
1.28683
1.49996
1.74468
1.94274
1.48687
1.73609
1.7735
1.8095
1.96296
1.74123
1.02956
1.0868
1.46182
1.7181
1.37886
1.1568
1.45006
1.94172
1.59696
1.3268
1.00077
1.79734
1.90007
1.32091
1.1903
1.55691
1.67202
1.08974
1.77815
1.99355
1.7269
1.06498
1.4935
1.47158
1.00772
1.98038
1.20767
1.78122
1.78988
1.17063
1.52245
1.81944
1.25742
1.98426
1.53754
1.63628
1.14107
1.98759
1.57801
1.73802
1.3144
1.57877
1.53536
1.21446
1.89969
1.72566
1.77137
1.57171
1.8154
1.54952
1.56526
1.5423
1.6145
1.05876
1.01388
1.62221
1.03914
1.22155
1.40343
1.82901
1.39218
1.92588
1.64845
1.6496
1.91014
1.18599
1.28588
1.05121
1.17358
1.86389
1.78923
1.48798
1.44266
1.32459
1.70244
1.34235
1.05025
1.4738
1.91406
1.86566
1.02332
1.47932
1.40796
1.63782
1.53807
1.42184
1.26003
1.57721
1.64339
1.66346
1.40622
1.03557
1.58934
1.05467
1.68517
1.49948
1.24066
1.97106
1.55069
1.41424
1.83495
1.33992
1.90222
1.27761
1.66451
1.60465
1.61997
1.71477
1.07846
1.53403
1.58042
1.10178
1.01334
1.98838
1.7396
1.55141
1.41022
1.99963
1.12862
1.05361
1.66309
1.53485
1.08918
1.25243
1.58952
1.77436
1.75191
1.83018
1.74542
1.3026
1.24442
1.58036
1.64252
1.14664
1.85798
1.30703
1.7513
1.47794
1.0218
1.82975
1.01197
1.60222
1.93154
1.02531
1.5906
1.67114
1.57672
1.00082
1.67077
1.70535
1.05444
1.33386
1.24019
1.14362
1.58629
1.82972
1.91798
1.3382
1.6599
1.66339
1.6408
1.90433
1.24376
1.28332
1.05097
1.10174
1.59035
1.80226
1.57968
1.61215
1.63202
1.59165
1.21437
1.56355
1.61696
1.80498
1.23469
1.19368
1.8058
1.90545
1.89903
1.86024
1.23931
1.13922
1.00386
1.8256
1.96894
1.92184
1.1638
1.62884
1.58523
1.8046
1.53317
1.82899
1.08792
1.58413
1.93072
1.67827
1.38639
1.5104
1.29042
1.01841
1.10205
1.5048
1.58196
1.719
1.30977
1.81665
1.91268
1.11557
1.7221
1.81171
1.97581
1.96141
1.95093
1.97967
1.787
1.91987
1.9015
1.9508
1.54871
1.48673
1.75539
1.08187
1.31572
1.84331
1.66601
1.24644
1.52158
1.0524
1.75685
1.81201
1.07081
1.85889
1.3168
1.65277
1.5779
1.62657
1.46941
1.49058
1.74214
1.19151
1.30229
1.71795
1.15292
1.25322
1.69762
1.93992
1.17309
1.59912
1.89072
1.7218
1.08585
1.64611
1.80367
1.40157
1.48942
1.46968
1.64802
1.01101
1.52207
1.40486
1.82301
1.59288
1.26376
1.13981
1.24565
1.84166
1.76639
1.71506
1.33224
1.50853
1.90658
1.63453
1.22648
1.05949
1.88775
1.9241
1.99941
1.06084
1.52322
1.89013
1.78263
1.60907
1.53624
1.5863
1.01064
1.02567
1.05598
1.65866
1.03667
1.57805
1.06352
1.85969
1.17094
1.32728
1.9995
1.41659
1.16894
1.76589
1.13165
1.50118
1.27442
1.03823
1.13571
1.5009
1.09772
1.02345
1.42499
1.09713
1.08429
1.94821
1.98726
1.86692
1.55728
1.52351
1.45323
1.56792
1.54917
1.5092
1.22658
1.58585
1.08726
1.2901
1.44553
1.2582
1.61739
1.44503
1.67478
1.78633
1.21092
1.80644
1.2875
1.48534
1.84467
1.42321
1.98624
1.94239
1.44666
1.41123
1.03952
1.53095
1.35944
1.02678
1.39787
1.91672
1.55029
1.8511
1.48464
1.09946
1.3603
1.71122
1.68531
1.44756
1.00133
1.13084
1.70576
1.61871
1.57588
1.38054
1.40504
1.7868
1.18698
1.69254
1.27213
1.03165
1.11575
1.25837
1.97404
1.56241
1.6696
1.01356
1.09337
1.02904
1.04034
1.49124
1.94576
1.59063
1.34234
1.4304
1.6901
1.70264
1.14162
1.3754
1.15021
1.14295
1.50625
1.85597
1.76166
1.08212
1.23651
1.1667
1.86892
1.4235
1.85924
1.14105
1.45514
1.97499
1.39942
1.42918
1.53741
1.06902
1.44274
1.63077
1.09806
1.48308
1.12201
1.04382
1.07372
1.46435
1.47422
1.76381
1.167
1.61584
1.13922
1.31721
1.75879
1.64546
1.17317
1.52045
1.72759
1.40969
1.68715
1.5965
1.83318
1.54639
1.73756
1.28833
1.52139
1.13697
1.71751
1.05879
1.20599
1.16025
1.68957
1.30405
1.64333
1.81158
1.34787
1.71705
1.27593
1.82209
1.48086
1.44293
1.43793
1.62008
1.76014
1.19672
1.26554
1.93331
1.71717
1.99312
1.343
1.40432
1.58963
1.17618
1.95071
1.32718
1.46451
1.4721
1.46416
1.18201
1.53089
1.67015
1.34226
1.22046
1.9742
1.98559
1.03204
1.32207
1.70264
1.30797
1.14416
1.1835
1.7509
1.58208
1.80357
1.51104
1.7788
1.06911
1.44435
1.49597
1.06224
1.78735
1.90029
1.65187
1.96353
1.85101
1.97905
1.42803
1.32311
1.44321
1.61005
1.854
1.11336
1.95231
1.07446
1.08756
1.9379
1.1065
1.40963
1.64054
1.41447
1.55379
1.82404
1.16537
1.13587
1.62762
1.67641
1.91468
1.69673
1.12076
1.41065
1.75897
1.9081
1.31094
1.41084
1.87163
1.16195
1.38989
1.29966
1.48506
1.8331
1.90971
1.33906
1.94646
1.86202
1.41352
1.03403
1.79992
1.52001
1.44366
1.44046
1.93448
1.99745
1.2645
1.09985
1.13333
1.89212
1.77625
1.048
1.58885
1.89701
1.45865
1.34781
1.80511
1.7696
1.75865
1.67675
1.93155
1.14854
1.97641
1.41661
1.98164
1.88612
1.75567
1.9281
1.74813
1.16918
1.96213
1.54805
1.68919
1.40579
1.98851
1.62367
1.40324
1.25301
1.72352
1.53656
1.14512
1.49977
1.58457
1.73397
1.39678
1.04322
1.08178
1.2019
1.81282
1.84043
1.87864
1.74437
1.98897
1.85505
1.16098
1.97061
1.74117
1.91665
1.89871
1.4893
1.08583
1.86083
1.03735
1.77503
1.26662
1.02585
1.3987
1.66986
1.27886
1.12222
1.20642
1.42398
1.62199
1.79099
1.15795
1.01877
1.83421
1.23973
1.22067
1.64703
1.08017
1.09932
1.39141
1.06914
1.95437
1.55239
1.03975
1.69553
1.46904
1.93846
1.18483
1.55487
1.79929
1.22218
1.32989
1.06591
1.24803
1.72859
1.73577
1.52689
1.85081
1.94219
1.95087
1.4728
1.73318
1.10882
1.49157
1.56739
1.34855
1.71224
1.21442
1.42872
1.81156
1.60583
1.49786
1.76593
1.15821
1.53761
1.46146
1.62725
1.47606
1.6463
1.18212
1.27535
1.86848
1.51201
1.34126
1.11651
1.2406
1.07703
1.6434
1.0914
1.01922
1.59427
1.5642
1.75239
1.7031
1.05577
1.31978
1.05165
1.76801
1.53421
1.48037
1.57957
1.14003
1.97823
1.3455
1.29825
1.51584
1.80696
1.9255
1.9919
1.45326
1.10761
1.26725
1.32173
1.61962
1.60851
1.43824
1.86022
1.68554
1.08164
1.95162
1.70476
1.67592
1.51582
1.45715
1.37901
1.57159
1.77694
1.43066
1.3396
1.31114
1.91103
1.91918
1.45117
1.88926
1.26468
1.74942
1.4051
1.07164
1.67492
1.39699
1.5249
1.78253
1.66424
1.84663
1.40215
1.27275
1.28487
1.26237
1.95829
1.36652
1.21399
1.66305
1.04243
1.72981
1.1202
1.42144
1.3014
1.89714
1.8521
1.641
1.20828
1.76314
1.56018
1.65945
1.6524
1.82485
1.40887
1.0575
1.89649
1.08379
1.45449
1.42139
1.86633
1.11873
1.26802
1.26848
1.39149
1.5529
1.53085
1.34978
1.91941
1.74484
1.01283
1.96184
1.47465
1.13303
1.38328
1.77605
1.03017
1.23539
1.41705
1.23844
1.99853
1.97723
1.8979
1.65092
1.80208
1.30677
1.70842
1.69857
1.39057
1.16291
1.11996
1.25689
1.28165
1.38799
1.52537
1.67314
1.94088
1.05622
1.02292
1.8603
1.80106
1.03575
1.82214
1.27572
1.16878
1.20542
1.05177
1.19895
1.44081
1.46882
1.43739
1.43934
1.44604
1.33529
1.09026
1.24812
1.64206
1.79868
1.9467
1.03263
1.9616
1.06666
1.28952
1.24324
1.45465
1.81489
1.91638
1.39553
1.87111
1.93929
1.25583
1.67218
1.97504
1.07797
1.94789
1.14382
1.28339
1.99966
1.34276
1.7242
1.46848
1.78015
1.16354
1.91452
1.11544
1.25381
1.16265
1.7575
1.05249
1.10934
1.79012
1.01408
1.17601
1.07964
1.25733
1.63065
1.89453
1.1737
1.02619
1.76565
1.113
1.28202
1.43782
1.08804
1.35998
1.38572
1.23186
1.64338
1.38538
1.57462
1.36758
1.85385
1.35477
1.53112
1.76838
1.47021
1.78493
1.93102
1.22771
1.83742
1.04037
1.01784
1.8515
1.21637
1.09748
1.10883
1.84703
1.99201
1.28253
1.87322
1.75765
1.39553
1.15523
1.19548
1.48357
1.51522
1.5812
1.71542
1.15859
1.96657
1.29004
1.52617
1.82043
1.64481
1.0573
1.5888
1.11502
1.84223
1.51983
1.34273
1.67964
1.5602
1.36057
1.53114
1.77657
1.45805
1.63997
1.6236
1.45006
1.9225
1.49682
1.20771
1.31803
1.65205
1.40319
1.8016
1.16727
1.98439
1.51703
1.32586
1.95096
1.80707
1.85203
1.77139
1.45188
1.90933
1.36019
1.5669
1.75155
1.88002
1.90964
1.4312
1.44022
1.27021
1.96234
1.21679
1.72826
1.60231
1.84039
1.17831
1.52482
1.33721
1.38603
1.84285
1.98926
1.78922
1.64446
1.15653
1.7736
1.16148
1.48238
1.72456
1.96855
1.33442
1.49595
1.42043
1.24374
1.85614
1.98733
1.9953
1.73616
1.89697
1.4265
1.17638
1.16718
1.38884
1.39317
1.89544
1.99115
1.23356
1.07375
1.51597
1.57076
1.45978
1.35883
1.56002
1.24899
1.00328
1.71655
1.02259
1.16476
1.19893
1.74716
1.13331
1.53335
1.24311
1.55374
1.77709
1.09925
1.54107
1.77239
1.83541
1.43804
1.19889
1.01179
1.60522
1.58772
1.40496
1.50066
1.57888
1.63851
1.57441
1.09485
1.20928
1.03418
1.45367
1.7693
1.28317
1.45695
1.48585
1.30577
1.62172
1.68478
1.05293
1.75503
1.21813
1.29603
1.30878
1.99522
1.39528
1.84985
1.76762
1.23069
1.2879
1.9665
1.24248
1.89312
1.55423
1.64743
1.39378
1.1331
1.28595
1.96818
1.22795
1.49522
1.00237
1.68163
1.26452
1.28554
1.13858
1.75037
1.59131
1.7603
1.43516
1.64424
1.51533
1.65329
1.94027
1.82411
1.64851
1.33555
1.67396
1.41613
1.56624
1.96185
1.38263
1.80872
1.85497
1.93686
1.45615
1.24875
1.06996
1.7421
1.21694
1.29791
1.23732
1.2193
1.97954
1.50185
1.50485
1.11812
1.25222
1.09616
1.87842
1.68738
1.7404
1.39375
1.34066
1.68067
1.21786
1.98917
1.01622
1.89182
1.4053
1.58246
1.85367
1.78793
1.39118
1.70864
1.72478
1.84733
1.95739
1.79474
1.58943
1.17433
1.09266
1.82675
1.39363
1.07219
1.32859
1.89848
1.19031
1.58082
1.99464
1.06873
1.26819
1.73503
1.46248
1.60886
1.4157
1.68034
1.59803
1.43192
1.57215
1.00333
1.01438
1.42583
1.79126
1.40556
1.13447
1.51605
1.25288
1.09186
1.31079
1.84231
1.26619
1.40345
1.66906
1.65983
1.47564
1.99765
1.5583
1.66595
1.57847
1.55294
1.73468
1.84666
1.28797
1.19716
1.45552
1.70367
1.8775
1.05355
1.13559
1.44965
1.05688
1.14996
1.87548
1.84814
1.55552
1.00995
1.36419
1.8084
1.10181
1.67498
