1.79785
1.3134
1.67365
1.67127
1.77522
1.0567
1.19264
1.62519
1.13524
1.41247
1.33792
1.49323
1.23726
1.40131
1.8662
1.86793
1.55094
1.55706
0.927088
1.35933
0.751865
0.970288
0.861682
1.52771
0.881373
1.1274
0.859953
0.845631
1.75071
0.999076
1.34444
1.7448
1.49713
1.07877
1.34782
1.19055
1.13764
1.60606
0.921914
1.39953
1.15636
1.40173
1.03678
1.53679
0.948519
1.0568
1.58073
1.7924
0.935803
1.69845
1.19204
0.701965
0.782866
1.2418
1.46437
0.921606
0.63821
0.596299
1.0391
0.654462
0.852689
1.63055
1.64163
1.70616
1.12426
1.27335
1.02095
1.35318
1.07911
1.2219
1.08118
0.587152
0.98647
1.48262
1.4868
1.28755
0.875664
1.37869
1.36491
1.20164
1.54176
0.893038
1.07749
1.46396
1.38666
0.875481
0.769417
1.43189
0.889609
1.22777
1.50276
1.14579
1.23988
1.49136
1.15895
1.76867
1.25157
1.54043
1.31996
1.4932
1.03833
0.759322
1.48889
1.45679
0.685099
1.42046
1.18568
0.987367
1.20041
0.912098
1.50411
1.15141
1.3004
0.952423
0.824074
0.859305
1.11296
0.960497
0.708609
1.44384
0.6411
0.666018
1.04044
1.31602
1.56539
1.56572
1.40218
1.22693
1.60456
1.09741
0.933594
0.818181
1.14365
0.790878
0.69372
1.2714
0.665417
1.33515
0.710479
1.30172
0.656179
1.58185
0.771273
1.36594
1.03242
0.971402
1.44033
1.32185
1.21904
1.51719
1.18402
1.30191
0.635789
0.678226
1.06758
0.635596
0.652426
0.837649
1.18153
1.66505
1.43192
1.49108
0.699887
0.753111
1.569
0.760871
1.44124
0.673922
1.54547
0.60164
1.42133
0.632847
0.590094
1.55973
1.31738
1.0278
1.0254
1.13408
1.57022
1.42588
0.939952
1.1214
1.14321
1.01315
1.24633
0.657451
1.09104
1.32684
0.899007
1.63694
1.30672
1.7285
1.618
1.38588
0.712232
1.37679
1.43869
1.51988
1.46314
1.4177
1.56406
1.32664
1.48798
1.57671
1.28365
1.16099
0.907872
1.68839
1.77365
0.861112
1.36286
0.919244
1.28037
0.870889
1.3387
0.952292
0.962263
0.863003
0.706929
1.27288
0.883676
1.35192
1.28195
1.8445
1.18992
1.37736
1.49558
0.857454
1.20051
1.31501
1.66444
1.16924
1.05324
1.56289
1.15031
0.723834
1.08037
1.36457
1.65369
1.13377
1.62315
1.38536
1.35323
1.15847
1.55747
1.02468
1.4629
0.881128
1.25341
1.53435
1.51236
1.47837
1.19558
1.04993
1.5051
1.569
1.6377
1.15459
1.51048
0.93868
1.64119
1.39689
1.36276
0.965909
1.2427
0.799505
0.976149
1.59892
1.42228
0.859048
0.930202
1.26027
1.39876
1.26308
1.23215
0.792138
1.24998
0.74733
0.784474
0.642402
1.44041
0.462092
1.29305
0.807144
0.690875
0.993143
1.61689
1.72815
1.52948
1.26302
0.547801
1.03085
0.690392
1.06118
1.22444
1.19498
1.14452
0.489209
1.08813
0.855793
0.640726
1.32067
1.46022
1.62408
1.22889
1.07886
0.509392
0.528231
1.07563
0.681838
0.646978
1.02914
0.679909
0.47797
0.376848
0.895899
0.980481
0.475554
1.09402
1.21025
1.55443
1.19997
0.489649
0.4369
0.668611
0.269338
0.279903
0.498645
0.466309
1.07619
1.06251
0.792595
1.05132
1.12165
0.96244
1.03973
1.1032
1.122
0.904685
0.457085
0.304321
0.203642
0.232281
0.768192
0.487926
0.415714
0.468621
0.245211
0.626094
1.22419
1.03944
0.964542
1.36734
1.22394
0.781815
0.353946
1.03436
0.754743
0.63985
0.326696
0.680086
0.552153
0.965539
0.546506
0.440801
0.613407
1.18316
1.33648
1.69356
0.80127
1.19289
0.333546
0.562546
0.13466
0.905321
0.893243
0.416255
0.240635
1.00055
0.871865
0.243789
0.734525
1.43872
1.40491
0.92313
0.942339
1.16664
0.297583
0.257315
0.518023
0.429424
0.781181
0.936078
0.260989
0.188688
0.205761
0.653909
1.06845
1.14669
1.14121
0.832928
1.0614
0.88432
0.738292
0.757884
0.502418
0.437164
1.01724
0.606336
0.299819
0.745869
0.676549
0.814466
0.884612
0.690162
1.53
0.78844
0.578164
1.23914
0.38914
0.656474
0.378399
0.971985
0.430585
0.496015
1.01477
0.485236
0.970355
0.86039
0.331387
0.720076
1.48214
1.34971
1.32612
0.638231
0.457741
0.391604
0.785174
0.275089
0.833741
0.938747
0.871663
0.355861
0.57078
0.530819
0.741639
0.703299
1.09483
1.27175
0.67197
0.92126
0.292326
0.6176
0.600417
0.517191
0.943098
0.462928
0.847074
0.752313
1.13245
0.941508
1.15208
1.1956
1.03447
1.41243
0.574848
0.967274
1.20029
0.939893
0.948103
0.819288
0.696551
0.655276
1.0071
1.09199
0.978281
0.489753
0.444995
0.613189
1.43607
1.00643
1.284
1.26143
1.06914
0.476247
0.469182
0.766071
0.719163
1.11129
1.30957
0.634185
0.801122
1.15364
1.42175
1.30182
1.11777
1.7816
0.995989
0.908879
1.22217
1.53364
1.37434
1.60201
0.887513
1.0902
1.39935
1.56236
1.24375
1.44921
1.67348
1.03353
1.81546
1.4282
1.70398
1.19183
1.20545
1.57097
1.42033
1.43193
1.2106
1.27575
1.61549
1.56137
0.957458
1.52714
1.28081
1.40125
1.62772
1.54249
1.36363
0.695568
0.955512
0.783169
0.459726
1.08307
1.15008
1.16237
0.956944
0.714214
0.92703
0.948082
1.06913
1.09643
0.903129
1.27236
0.465437
0.954847
0.664794
0.92902
0.585944
0.17734
0.551451
0.57771
0.119679
0.897242
0.484951
0.786063
0.696717
0.566077
1.09344
0.895941
0.758609
0.165575
0.744757
0.543835
0.755569
0.518209
0.379864
0.4163
0.939025
0.0151191
0.0513646
0.672645
0.740251
0.567568
0.858537
1.2594
1.23877
0.838634
0.436099
0.352412
0.735632
0.830789
0.824579
0.78136
0.65445
0.234531
0.459615
0.200535
0.576551
1.26216
1.08725
1.50356
1.26558
0.262577
0.407677
0.669049
0.6266
0.757509
0.108744
0.619487
0.827587
0.209229
0.302391
0.519701
0.63369
0.918856
0.803677
1.09639
0.656296
0.730066
0.862728
0.0961323
0.462679
0.71423
-0.0433096
0.227605
0.0588752
0.519503
0.487384
0.63019
0.67034
0.351732
1.17121
1.18158
0.538706
0.0948172
0.290624
-0.105083
0.780702
0.450376
0.617808
0.740336
0.79159
0.0427353
0.338683
0.436627
0.865302
0.928712
1.57457
0.776603
0.594252
0.965134
0.320456
0.79391
0.613248
0.333402
0.127413
0.805508
-0.0163699
0.736552
0.51381
0.668399
0.99636
0.476617
0.893098
0.789767
0.507674
0.713685
0.137179
0.0283753
0.101511
0.81237
-0.124776
0.0235651
-0.0176901
0.331029
0.537266
0.863809
0.173484
0.908172
0.682694
1.02179
0.810495
0.536805
0.268254
0.161448
0.802449
0.448067
0.066786
-0.0901043
0.303426
0.691048
0.649403
0.313202
1.07855
0.336584
1.13949
0.836219
0.989871
0.818503
0.324659
0.830271
0.561983
0.248755
-0.0486748
0.665203
0.697037
0.596699
0.598385
0.879646
0.409511
1.06454
0.919708
1.46484
0.553322
0.757444
0.10414
0.099801
0.131479
0.21186
0.0979538
0.548855
0.012645
0.848328
0.920362
0.0855465
1.06714
0.814473
0.896086
1.28006
0.60279
0.842619
0.632361
0.925629
1.01598
0.611851
0.663652
0.809617
0.301168
0.342973
0.725124
0.675509
0.251392
1.34564
1.02372
0.968958
1.08565
0.829112
0.656875
0.995473
0.945765
0.742042
0.565317
0.999597
0.6256
0.509062
1.0615
0.593928
1.09212
0.562551
1.59369
1.71874
1.35478
1.00053
1.30414
1.14465
1.45846
0.860217
0.865582
0.682725
1.12171
1.49736
1.22234
1.15922
1.48923
1.7034
1.59505
1.2051
1.10196
0.702762
0.632284
0.588937
1.0591
0.861426
1.27577
1.39002
1.07935
1.04466
0.664457
0.80017
1.13834
1.65952
0.897475
0.823302
0.761621
1.07441
0.881463
0.318971
1.16603
1.0669
0.363811
0.678436
0.963019
0.992744
0.237966
0.85199
1.09386
1.25309
1.6517
0.751605
1.15004
1.10631
0.140004
0.255578
0.192617
0.756527
0.0403032
0.697914
0.232948
0.141003
0.92664
0.805877
0.253736
1.33859
1.49162
0.946119
0.963079
0.496396
0.33665
0.490766
0.130336
0.399667
-0.0719608
-0.113905
0.188485
-0.0389435
0.508804
0.0277921
0.922704
0.853108
0.810125
1.24996
0.757022
0.296384
0.782163
0.538005
-0.139806
-0.231188
0.244811
0.136674
-0.0443312
0.211305
-0.0545988
0.161564
0.423534
0.236618
1.22772
0.69607
0.669681
0.0422581
0.590501
0.525899
0.39272
0.610666
0.567613
-0.228855
-0.236871
0.25762
-0.0654053
0.754187
0.0749912
0.600168
1.16355
1.20571
0.902886
0.490957
0.210203
0.555928
0.279449
0.615629
-0.084247
0.491174
0.0833996
0.105126
-0.152897
0.626132
0.345172
0.953359
1.49816
1.4143
1.03116
0.66357
0.437549
0.249413
0.326775
0.19661
0.272463
0.372207
-0.264175
0.474902
0.34432
-0.0479598
0.0973089
0.398683
1.33969
1.41154
0.938724
0.138392
0.475756
0.0539703
-0.183987
0.590795
-0.197087
0.185052
-0.0208706
-0.08064
0.0323995
0.471187
0.901777
0.426543
1.07057
1.34678
1.1428
0.101281
0.10997
0.309548
0.363519
0.584431
-0.0590109
0.384233
0.340423
0.552532
0.557401
0.586842
-0.0162457
0.795793
1.18179
1.33804
0.990934
0.256283
-0.0932918
0.644307
-0.0916451
-0.0931162
0.083917
0.167648
0.102342
0.378836
-0.144564
0.148581
0.832556
0.818688
0.671378
1.38859
0.982508
0.392455
0.221673
0.185377
0.0358529
0.356338
-0.178609
0.655056
0.184186
0.639924
0.454988
0.305679
0.452257
0.515518
0.797553
0.852205
0.851244
0.349213
0.0425806
0.605802
0.310915
0.311098
0.0153439
0.683079
-0.0436833
0.1219
0.0316155
-0.0913146
0.932372
0.548914
1.40125
1.30035
1.04306
0.330601
0.0837438
0.946497
0.740241
0.0749969
0.822469
0.170742
0.956368
0.502469
0.648004
0.495174
0.966426
1.23192
1.34734
1.13579
0.697075
1.18792
0.416114
0.896137
0.530929
0.553169
0.738618
0.665536
0.847339
0.926433
0.678209
0.795059
0.341324
0.758613
0.909578
1.54171
1.16578
0.873294
1.2418
0.787412
0.909929
1.07511
0.987613
0.906064
0.611998
0.656565
1.37537
1.46365
1.61554
1.23591
1.1264
1.03545
1.0896
1.08188
1.44294
1.24681
1.3376
0.935347
0.688386
0.977014
0.655018
1.15746
1.53445
0.701816
1.51063
0.886982
1.6525
1.04036
0.889717
0.787554
0.766061
0.932477
1.13575
1.12008
0.248205
0.18416
0.218853
1.07322
1.09283
0.280452
0.751075
0.676182
0.940717
1.41794
0.955044
0.192903
0.452079
0.338992
0.361163
0.496587
0.727397
0.459973
0.101803
0.71574
0.609226
0.0710969
1.08338
0.808125
1.01837
0.9447
1.16689
0.909783
-0.0492249
0.678826
0.621148
-0.0714503
0.655275
0.667391
-0.167136
0.578456
0.754419
0.366412
0.00162159
0.427094
0.870075
1.1895
0.452663
0.682576
-0.18336
0.428713
0.0228439
0.535038
-0.0549456
0.218384
0.346156
0.644158
0.340357
0.429634
0.371572
0.203293
1.5547
0.912074
1.09249
0.00285514
0.0122322
0.474227
-0.0697526
-0.18428
0.357475
0.0145914
-0.352726
0.353632
0.575428
-0.226693
0.797829
0.349588
1.18582
0.691945
1.08367
0.568921
0.60672
-0.0608977
0.177349
-0.22382
0.447913
-0.151047
-0.254735
0.100396
0.538336
0.299073
0.364403
1.02313
1.45219
0.926461
1.10861
0.0607027
-0.0811361
-0.094395
-0.0135074
0.535398
0.244844
-0.00984938
0.244709
0.161011
0.0521512
0.250216
0.592768
0.180257
1.19063
1.16056
0.847947
0.409276
0.629276
-0.0962923
0.306174
0.34759
0.0866338
0.415962
-0.190973
-0.0288471
0.00875776
0.387644
0.0817194
0.407036
0.565801
0.679569
0.573373
0.10333
0.122498
0.444329
-0.23346
-0.356461
-0.225612
0.378961
0.167866
0.17275
-0.0765114
-0.0254901
0.441107
1.0597
1.38497
0.782543
0.582252
0.642868
0.227621
-0.225787
0.116309
0.589007
0.527695
0.291701
-0.0797052
-0.121033
-0.0330685
0.208292
0.364636
0.470136
1.12966
1.43191
0.696995
0.897795
0.431205
0.35476
0.66824
0.477958
0.0695574
0.200432
0.00953638
0.332119
0.457227
0.647147
0.457812
0.763371
0.648524
1.53206
0.55123
0.562209
-0.111818
0.569158
0.274281
0.678378
0.182772
0.545616
-0.097953
0.475859
0.0206993
0.444808
-0.0141163
1.03778
1.04265
1.15107
1.10588
0.227982
0.144656
0.698493
0.82694
0.45731
0.19396
0.156208
0.103488
-0.0529679
0.0411058
0.70574
0.707118
0.514947
1.29354
1.65434
1.26197
1.03208
0.942779
0.481223
0.805067
0.31378
0.251274
0.950461
1.02622
0.493594
0.561302
1.08365
0.442642
1.31789
1.09314
1.77275
1.68717
1.17288
1.27277
1.4493
0.648606
0.534814
0.690815
0.846235
0.570667
0.807971
0.580142
1.21166
1.089
1.41303
1.42108
1.11792
1.15711
0.94637
1.15123
0.633125
1.00965
1.20216
1.40239
0.866184
1.52534
0.7913
0.750989
0.711142
0.735948
1.30803
0.908225
0.802312
0.623128
1.08414
1.20531
0.426547
0.918131
0.288421
0.704644
0.942925
0.554881
0.752856
0.622023
1.11455
0.6315
0.519037
0.873925
1.37768
0.666082
0.829519
0.79672
0.725672
0.273179
0.562816
0.0101315
0.246007
0.807282
0.222093
0.416639
0.0154023
1.02659
0.886648
0.749123
0.644624
0.556929
0.0844962
0.149148
-0.139235
-0.0226736
0.596953
0.60879
0.37136
0.194146
0.0772767
0.311879
0.628567
0.363292
0.936894
1.12046
1.29218
0.61999
0.286101
0.313996
0.521683
-0.287688
0.335159
-0.154535
-0.366872
-0.324989
0.375671
-0.273002
0.72849
0.207649
0.342892
0.584157
1.17026
0.428395
0.239233
0.459968
0.182669
-0.141683
0.243278
-0.202845
0.330609
-0.398722
0.380428
0.185941
0.121375
0.363892
0.235388
0.668091
1.45871
0.5949
0.555451
0.473419
0.156341
-0.0093207
0.574021
0.11398
0.0239008
0.308348
0.186719
0.0484904
-0.266745
0.622831
0.588855
1.17799
0.556054
0.933583
0.241197
0.262564
-0.324667
-0.377965
0.353783
0.369549
-0.381439
0.127559
-0.0670111
0.0656144
-0.264993
0.282739
0.702693
1.47672
1.39909
0.381732
0.569649
0.0921546
0.26895
0.295422
0.515349
-0.328583
0.0121932
0.105647
0.104829
0.0766868
-0.0231352
0.812462
0.226474
0.82054
1.27451
0.600266
0.712317
0.497275
0.129254
0.228228
0.18599
0.135328
-0.228988
0.52676
0.586926
-0.163989
0.0552729
0.405922
0.282687
0.740501
1.32297
0.996464
0.475756
0.148297
0.204352
0.155759
0.139631
0.603556
-0.324528
-0.350157
0.0619871
-0.0249226
0.698114
0.393679
0.755449
1.25146
1.53282
0.626409
0.413806
0.234949
-0.224792
-0.234196
-0.312436
-0.071217
-0.297906
-0.324081
0.142465
0.0739408
0.307662
0.516228
0.757314
0.885813
1.05169
0.416666
0.742766
-0.142155
0.502649
0.0431585
-0.235281
0.542666
0.0844442
0.211913
-0.118243
0.0853588
0.814036
0.703639
0.245668
1.54824
0.845954
0.87096
0.564259
0.281084
0.588718
0.405894
0.488902
0.622287
0.437709
-0.0175109
0.0296105
0.0194152
0.675464
0.810652
0.752209
0.814816
1.66896
0.722058
0.553638
0.915339
0.737398
0.444447
0.678521
1.08008
0.932801
0.832272
0.422862
0.949203
0.639512
0.607231
1.23136
1.37023
1.7422
0.977056
0.620132
1.15974
1.34669
1.15735
0.8809
0.900452
1.26446
1.03016
1.0275
0.999314
0.803401
1.56918
1.36977
1.04403
1.08482
1.66467
1.571
1.40239
0.810779
1.02993
1.31145
0.587974
0.715169
0.585111
1.38705
1.17879
0.957649
1.26279
1.02358
1.12984
1.62685
0.7945
1.20305
0.941784
1.12528
0.402484
0.251041
0.833629
0.89543
0.745398
0.311515
0.178846
0.797867
1.15704
0.705588
1.52896
1.41676
0.479918
0.736104
0.0128175
0.562291
0.290565
-0.0352912
0.691874
0.318964
0.801259
0.332591
0.739082
0.541102
0.855735
0.434273
1.10595
0.655455
0.230116
0.180094
-0.141561
0.0200941
0.0377922
0.435914
-0.280788
0.620315
0.592118
-0.250459
0.25312
0.561632
0.229343
0.537984
1.09998
0.984245
1.13581
0.485066
-0.158587
0.0571277
0.315754
0.547602
0.454741
0.232034
0.000746666
0.316018
-0.136513
-0.103061
0.705292
0.843346
0.771367
1.35494
1.03414
0.139238
-0.197177
-0.149013
-0.39764
-0.296849
-0.279148
0.478261
-0.260028
0.255561
0.281068
0.141826
0.85353
0.319626
1.39066
1.47994
0.889125
0.809773
0.0280216
0.0560103
0.463093
-0.251482
-0.376258
-0.166953
0.432549
-0.155147
0.0405117
0.372304
0.796615
0.780825
1.01354
1.3522
1.03671
0.422989
-0.274893
0.524585
0.272032
-0.245868
0.383139
0.422575
0.416011
0.0543921
-0.0950347
0.529931
0.505004
0.278449
1.30612
0.932322
0.222855
-0.0420352
0.524478
0.587316
-0.131229
0.474818
-0.181941
-0.271952
-0.262072
0.257513
0.445955
-0.200637
0.172521
0.44515
1.45283
0.75543
1.0133
0.812795
-0.170594
0.199328
-0.257293
0.550616
0.0303149
-0.407142
0.0289006
0.335738
0.467859
-0.204699
0.745559
0.756699
1.02806
1.52286
0.873051
0.203336
0.669305
-0.337305
-0.143342
-0.173214
-0.202141
0.0274554
0.505619
-0.358701
0.165347
-0.0692237
0.206611
0.5911
0.979332
0.779088
0.578338
0.482065
0.554444
0.249209
0.212383
-0.0799207
0.243917
-0.331375
-0.326108
0.105982
-0.201974
0.66302
-0.0297651
0.782367
1.45583
1.40329
1.1864
0.844448
0.671915
-0.018663
-0.156237
-0.210241
0.390641
-0.241387
-0.167302
-0.0625267
0.00963658
0.266525
0.611634
0.912244
1.26134
0.727562
0.625218
0.610683
0.64417
0.798348
0.696704
0.182223
0.815419
0.743912
0.656499
-0.0359553
0.698421
0.821195
0.786727
1.01498
1.32581
1.43589
1.1069
0.895998
1.17131
0.934044
0.823609
0.797741
0.966954
0.950605
1.02371
0.250787
0.434557
0.754723
1.11543
0.441941
1.37714
1.02122
1.25096
1.00573
0.659875
0.923181
1.24908
0.588713
0.799015
1.04674
0.688473
0.620216
0.941227
1.45069
1.43594
0.831062
1.46364
1.34326
1.47543
1.25444
0.867269
1.01293
0.845825
0.675828
0.82024
0.734351
0.789516
1.11613
1.32356
0.678243
1.20805
1.17819
1.13075
0.847452
1.33625
0.705986
0.743912
0.766845
0.621882
0.959375
0.263817
0.778956
1.05246
0.689836
0.7152
0.975397
0.998291
0.661939
0.967996
1.07338
1.12261
0.639437
0.872236
0.0234369
0.562609
0.0587152
0.174083
0.795508
0.626075
-0.0384781
-0.0601585
0.312647
0.639693
0.634453
1.10221
0.988656
0.938944
-0.0201186
-0.166925
-0.0494316
0.549001
-0.156574
0.534665
0.439492
0.379813
0.105229
0.255201
0.195265
0.543628
0.979396
1.39497
0.951886
0.490245
0.643666
0.271345
-0.314875
0.571838
0.462293
0.562076
0.31399
0.547348
-0.371534
-0.275156
0.234657
0.224233
0.703925
1.44896
0.595504
0.706613
0.798345
-0.0248268
0.0355964
-0.329205
-0.306299
-0.272685
0.33625
0.088648
0.268766
-0.219572
-0.185905
0.316797
1.12044
1.03795
1.31035
0.860825
-0.105921
0.488586
0.284343
0.464959
0.319727
-0.0614563
0.384181
0.319977
0.0258099
-0.0618768
-0.211559
0.848808
0.36385
0.678131
1.08837
0.289686
0.266792
0.64799
-0.152197
0.110035
-0.311492
-0.430502
-0.386909
0.367527
-0.254426
-0.224055
-0.0455981
0.00659148
0.804861
0.568476
1.41632
0.8433
0.68619
0.238845
0.211913
0.174118
0.510291
0.000585677
-0.0749848
-0.0407217
0.34339
0.0683151
0.0826032
-0.148334
0.740223
1.48057
0.698821
0.161532
0.767932
0.0963177
0.187681
-0.362169
0.0112405
0.216132
0.444621
0.186021
0.400018
-0.245237
0.466183
0.347803
0.315791
1.19214
0.757482
0.169538
0.0845702
0.527973
0.265883
-0.220096
-0.123973
-0.393123
0.178751
-0.351546
0.0820845
0.613671
-0.232159
-0.0423333
1.07876
0.770274
0.690395
1.03022
0.543493
0.454435
0.59909
-0.258865
0.0151338
0.455375
0.363425
-0.157638
0.61568
0.17867
0.451179
0.0556513
0.340241
1.48961
0.79779
0.636153
0.742517
0.673513
0.35933
-0.199966
0.610554
-0.0679602
-0.131635
0.105293
-0.0618649
-0.029278
0.305861
0.116418
0.676927
1.22383
0.69756
0.463481
0.481942
-0.0293743
0.172788
0.672359
0.731226
-0.102913
-0.100071
0.725798
0.436
0.653309
-0.0113721
0.829978
1.01545
0.898834
0.941754
1.01731
0.478987
1.06213
0.80738
0.23665
0.239731
0.962479
0.647744
0.47768
0.216117
0.18038
0.72275
0.85638
1.15954
1.32466
1.61095
0.849138
1.28634
0.628815
1.50207
1.08498
0.646909
0.543638
0.962864
1.22969
1.32955
1.03352
1.04345
1.15362
1.50329
1.56791
0.978384
0.737055
1.25482
1.37948
0.69174
1.29309
1.19059
1.20558
0.647699
1.28252
1.25968
1.21456
0.918674
1.07179
1.0164
0.958635
1.30965
1.4562
0.504413
0.785847
0.724303
0.481505
0.751109
0.144971
0.189195
0.563142
0.671339
0.723048
1.20473
0.649266
0.769421
0.827761
0.985612
1.23073
1.01181
0.460062
0.576727
0.447624
0.0327923
0.641816
0.175766
0.743585
0.319206
0.556467
0.289271
0.829054
1.07352
1.53609
1.29841
1.17779
0.456376
0.0970198
0.0450784
-0.186034
-0.0130726
0.0389065
0.214405
0.502797
0.613899
0.255531
-0.0342961
0.157092
0.837187
1.07468
0.675092
0.72342
-0.0855232
0.545386
-0.201381
-0.189957
0.199076
0.0507178
-0.334264
-0.36335
-0.270578
0.0489075
0.51198
0.76415
0.463473
1.03467
1.37657
0.946999
0.653154
-0.148981
0.536541
-0.33784
0.065895
-0.00426252
0.444149
-0.0354614
0.533882
-0.343271
0.30325
0.441635
0.679193
1.24974
0.669956
0.694152
0.386069
-0.0369157
0.353373
-0.312895
0.275025
0.350339
-0.311189
0.37123
-0.24028
0.518674
0.379864
0.342889
0.532898
1.0497
0.823971
0.316174
0.518652
-0.114314
-0.13593
-0.269664
0.188604
-0.313412
0.103007
0.129041
-0.262189
-0.244906
-0.159003
0.558568
0.998552
0.814822
0.803126
0.530165
0.409175
-0.306776
0.11956
-0.150289
0.373327
0.207551
-0.352639
-0.447058
0.131087
0.383151
0.172893
0.810845
0.431592
1.3079
0.686868
1.10523
0.832622
0.0977612
-0.250344
0.201225
0.127928
0.265021
-0.233398
0.293725
0.430091
-0.0321042
0.13184
0.577943
0.782081
1.24772
0.677661
0.359561
0.594747
0.353095
0.130019
0.150967
-0.0930903
0.191117
0.142907
0.467638
-0.0140628
-0.325155
0.555339
0.560965
0.975444
0.549159
1.24074
0.993021
0.324814
0.566101
0.124566
-0.361827
0.174932
0.30265
0.369229
0.0346598
-0.31905
-0.142677
-0.11751
0.596129
1.08227
0.844654
1.53112
0.889525
0.924636
0.271056
-0.01591
0.0119752
-0.207272
0.521542
-0.0981114
0.193137
0.592282
-0.20427
0.0036342
0.673851
0.288155
1.47497
1.21944
0.85558
0.844449
0.0173651
0.461354
0.194323
0.62561
0.193239
0.616778
0.68769
0.412431
0.803274
0.494175
0.553381
0.526353
1.14054
0.918609
0.707591
0.315902
0.661049
0.70799
0.253663
0.427988
0.897456
0.755859
0.322589
0.978567
0.986945
1.12707
1.23236
1.22173
1.25233
1.37757
1.26938
1.25595
0.680104
1.44116
0.946681
0.993222
1.20055
0.789547
0.556599
1.14018
1.36818
1.09518
1.47654
1.08146
1.5969
0.989178
1.1477
0.87731
1.28612
1.11509
1.10139
1.03167
0.7397
1.30603
0.893103
0.606637
1.28076
0.90421
1.47659
1.0049
1.70747
1.13386
1.41467
1.30378
0.546314
0.541043
0.625262
0.169391
0.792829
0.667083
0.800342
0.660485
0.255252
0.762168
1.21006
1.32312
1.3912
0.956217
0.409086
0.483001
0.85322
0.560055
0.758584
-0.0400546
0.287015
0.100917
0.0219073
0.0318105
0.467171
-0.0307088
0.526764
0.728032
1.03578
0.952034
0.632413
0.717538
0.566482
0.63996
0.489771
0.101601
0.110308
0.126287
0.605032
0.21502
0.722237
0.6268
0.310784
0.86585
0.702559
1.00326
0.223198
-0.0630438
-0.14125
0.606963
-0.243693
0.152004
-0.220622
-0.115324
0.298085
0.36435
-0.0544001
-0.130499
0.0543377
0.859539
1.04333
1.11724
0.603914
0.1342
0.189946
-0.131064
0.254079
0.469681
0.232241
0.131122
-0.036245
0.232891
0.00161678
0.454202
0.168509
0.652001
0.726995
0.892914
0.688753
0.178775
-0.00168702
0.295193
0.431629
0.033913
0.504953
0.087812
-0.240053
-0.193584
0.272112
0.0557894
0.785001
0.295273
1.46616
0.920297
0.558228
0.275024
0.316982
-0.299792
-0.109072
-0.145643
0.20508
0.257161
0.488228
-0.4034
0.0565227
-0.0749599
0.390174
0.779525
1.12318
0.628028
1.1026
0.752457
0.461899
0.438055
-0.0470058
0.294767
-0.078319
0.134288
0.516832
-0.405062
0.544416
0.578369
0.039327
1.01254
0.812544
1.15772
0.44273
0.769642
0.406296
0.248034
-0.197874
-0.0486895
-0.086874
-0.277182
-0.0268221
0.378362
0.00799239
0.644019
0.309558
0.134051
0.587133
0.982653
1.05607
0.704336
-0.0222244
-0.072589
0.177675
0.239394
0.470994
0.130395
0.263329
0.426617
0.0685246
0.579878
0.584734
0.87605
1.04618
0.602223
0.831057
0.131208
0.424988
0.559143
0.261196
-0.324871
-0.311095
-0.330469
0.48216
0.106122
-0.33172
0.0605077
0.373713
0.234894
1.32818
1.00328
1.14907
0.0297766
0.537664
0.264848
0.444029
0.333117
-0.21328
0.127489
0.173497
0.248685
0.0436461
0.00515019
0.231283
1.03488
0.838236
1.61072
0.4028
1.06088
0.838775
0.626829
-0.0942081
0.828444
0.655903
0.774304
0.315059
0.684586
0.136456
0.896916
0.977733
0.344752
1.01523
1.59711
0.623786
0.449522
0.615997
1.05164
0.923896
0.643433
0.464309
0.404828
0.195022
0.792838
0.637233
0.55545
0.793628
1.23569
1.07199
1.48117
1.49348
0.890669
0.945212
1.37284
0.780095
0.716651
1.28617
1.24814
0.551597
0.559054
1.22944
1.51381
0.712863
0.816957
1.6939
1.14184
1.01782
0.930842
0.782022
0.65244
1.36555
1.08991
0.92304
1.44283
0.768114
1.44355
0.847167
1.33867
1.32264
1.38527
1.24015
1.2025
1.4322
1.10682
0.548595
0.389573
1.14703
0.253094
1.09868
0.186441
0.308077
0.832433
0.195047
0.503847
1.1116
1.35212
1.274
0.71814
0.487033
0.86298
0.151842
0.898095
0.188777
0.434327
0.754332
0.402139
0.330096
0.0638808
0.198875
0.118602
0.931489
0.984113
1.23843
1.3586
0.681283
0.919454
0.819744
0.205286
-0.233491
0.64919
0.182367
-0.100619
0.315233
0.219148
0.229382
0.230099
0.334496
0.245663
1.05178
1.08714
0.970318
0.580431
0.27761
-0.220801
-0.136029
0.0254268
0.236444
0.285462
0.189109
0.541719
0.484005
0.154536
0.475817
0.589991
0.719286
0.570926
0.524332
0.0587173
0.206178
0.061448
-0.281745
0.546453
0.182906
0.289439
0.0288545
-0.323611
-0.24989
0.530893
-0.0192679
0.739887
0.874232
1.43777
0.409305
0.740935
0.712302
0.119849
-0.139935
0.195714
-0.283505
0.391922
0.0815963
0.540414
-0.153834
-0.212697
0.239377
0.537868
0.639509
1.28281
0.716629
0.461921
-0.130058
0.318747
0.147491
0.347903
-0.0313021
-0.436425
0.408698
0.0926644
0.425542
0.646699
-0.0339926
0.289202
1.3788
0.913856
0.168025
0.722159
0.570288
-0.0740685
0.0728929
-0.398948
-0.302079
0.561179
0.541978
-0.0683491
-0.310321
0.0476412
0.609482
0.323818
0.631422
0.875661
0.935526
0.142115
-0.26062
-0.0129628
-0.347954
0.0296526
-0.0587691
0.478562
0.534598
-0.237059
0.47288
-0.23055
0.193489
0.845466
0.983717
0.919776
0.730128
0.208426
0.395979
-0.292203
-0.0315959
0.413765
-0.340574
-0.0687706
-0.239944
-0.253531
0.32339
0.63315
0.203643
0.940818
0.80101
0.698892
0.257459
0.213918
0.25161
-0.179178
0.403815
0.510307
-0.311988
0.357085
-0.313976
0.553595
0.464382
0.133026
0.520899
0.419424
1.32207
0.806986
0.822757
0.433157
0.111388
0.71624
0.00491059
0.077731
0.0202517
0.167836
0.220077
-0.279973
0.119736
0.65648
0.756217
0.859232
0.57103
1.54256
1.29175
0.607746
0.0213744
0.645457
0.27259
-0.00691124
0.344205
0.327436
-0.0896503
0.153206
0.747543
0.627184
0.621797
0.943319
1.53578
0.89523
0.606516
0.52948
0.352756
0.581323
0.731743
0.59681
1.01605
0.242563
0.60341
0.40712
1.11348
0.478862
1.22343
1.43877
0.91572
1.78179
1.22448
0.900802
1.25063
1.45552
0.938863
0.69422
0.906072
0.987247
0.984075
0.777919
0.68785
0.580501
1.52198
0.789752
1.05102
0.922522
1.06013
1.01646
1.08424
1.49156
1.39188
0.930545
0.58806
0.867216
1.21428
0.575745
1.18508
1.20341
0.647184
1.55784
1.39772
1.25147
0.613915
0.573972
0.68399
0.72918
0.586993
1.00161
0.1711
1.05422
0.272161
0.359534
1.12405
0.269279
0.602283
0.628061
0.806747
1.2379
0.843576
0.701023
0.51706
0.281465
0.863662
0.455296
0.552678
0.513692
0.476708
0.192992
0.167938
0.579218
0.221615
1.09699
0.72962
0.810891
0.250122
0.544007
0.612335
0.209278
0.128561
0.497942
0.0358025
0.207941
0.67555
-0.0130555
0.287744
0.0633995
0.359184
0.818555
1.38341
1.44631
0.366932
0.27084
0.0168421
-0.158191
0.562045
0.543559
0.389541
0.107848
-0.183896
0.643304
-0.252951
0.0498374
0.669264
0.324222
1.04487
1.31033
0.867176
0.168761
-0.0567257
-0.244107
-0.338275
0.117203
0.16287
0.568658
0.342244
-0.310109
-0.161653
-0.154081
0.545288
1.14059
1.52631
1.37701
0.485659
0.124699
0.708147
-0.117122
-0.253577
0.323772
0.278575
-0.120884
0.284682
0.338336
0.203671
0.160477
0.751034
0.201811
0.72957
1.11554
0.477013
0.283829
0.391145
0.00987929
0.52076
-0.174813
-0.0872073
0.223506
-0.127502
0.0987137
0.375538
0.652295
0.35116
0.871002
1.29831
1.35249
1.12041
0.632739
-0.234864
-0.251728
0.088078
0.329281
-0.0213507
-0.248749
0.0418413
0.543845
0.228538
0.0351136
-0.137172
0.92996
1.42347
0.863984
0.348621
0.449672
0.40936
-0.245966
0.409318
0.612042
0.336145
-0.330459
0.0945052
0.0803517
-0.357346
0.688919
0.067997
0.911758
1.31196
0.719162
0.689692
0.723198
0.00694157
0.662016
0.184074
0.272646
-0.229757
0.613026
0.198942
0.364122
-0.037033
0.297644
0.403567
0.350937
1.42514
1.28272
0.955012
0.497753
0.591192
0.256544
0.243679
0.212933
0.279702
-0.279221
-0.329872
0.280624
-0.284081
-0.0353041
0.29191
0.981045
0.926248
1.50749
0.876558
0.634488
0.753597
-0.0344411
0.0395028
-0.201094
-0.0830708
0.604552
0.523185
0.222008
0.191431
0.134579
0.649426
0.539226
0.608975
1.10286
1.23039
0.967642
0.000888915
0.401324
0.307641
0.533284
0.430277
0.312221
0.143926
0.460165
0.537508
0.610474
0.473456
0.324002
1.19808
0.770657
1.1613
0.811585
0.457496
1.14547
0.708094
0.568941
0.987494
0.491566
1.04884
0.42331
0.817978
0.798001
0.904905
1.16919
0.778351
1.37546
1.28873
0.71958
0.578726
1.53071
1.27284
1.08355
0.941387
1.53052
0.656698
0.580965
1.19418
1.08746
0.692045
0.949297
1.42279
1.6351
1.49302
1.48919
1.35552
0.890753
0.822351
1.15682
1.21875
0.72632
1.43993
0.894302
1.34605
1.09385
0.680631
1.56826
0.866888
1.33949
1.44562
0.386909
0.862268
0.901823
0.787984
0.208081
0.876987
0.917308
0.270882
0.560079
0.480614
0.423124
0.946256
1.33916
1.64651
0.992128
1.01998
0.822464
0.680246
0.887917
0.199224
0.230843
-0.0050354
0.0521332
0.546707
0.772577
0.570466
0.656656
0.784867
0.943719
0.856526
1.16776
0.88649
0.844246
0.136984
0.029369
0.607172
0.693916
0.681507
0.64784
0.0342982
-0.0493137
-0.158609
0.726224
0.996355
1.17843
0.754074
1.21108
0.813592
0.789081
0.37124
0.595069
-0.184608
0.29585
0.633532
0.38467
0.0991849
0.240949
0.0499056
-0.152638
0.0676029
0.715342
1.14715
1.28957
0.517657
0.774147
0.720941
-0.150093
0.417626
0.490143
0.644207
0.630527
0.624627
0.669576
0.507097
0.71183
0.835488
1.13716
1.10093
1.05412
0.956862
0.0314635
0.11536
0.570232
0.355328
-0.0800981
0.184132
-0.286396
0.419346
0.488785
-0.223172
0.637955
0.239473
0.830902
1.12544
1.19066
0.66589
0.43423
0.537138
-0.0847042
-0.00873744
0.392386
-0.182898
-0.085745
0.358087
0.61206
-0.126738
0.370815
0.806035
0.893112
0.629526
1.2115
1.00177
0.34747
0.28679
0.197155
0.34201
-0.307627
0.193877
0.0736793
0.489933
0.269996
-0.0336544
-0.0879957
0.159604
1.01146
1.30881
1.28103
0.532083
0.456301
0.706686
0.365161
-0.074555
-0.252903
0.567462
0.600914
0.673789
-0.257362
0.227506
0.660694
0.693683
0.775735
1.07702
1.15823
0.220409
-0.0139613
-0.130524
0.403903
-0.248905
0.282838
-0.238768
0.554929
-0.138205
0.022795
0.713543
0.194746
0.0859618
0.937946
0.675526
1.08187
0.500973
0.0207041
-0.0246301
0.274509
-0.157224
-0.239931
0.155501
-0.175632
-0.194708
0.670314
0.72475
0.665531
0.492587
0.709842
1.00538
1.17247
0.818702
0.548582
0.130861
0.42896
-0.0961915
0.0998847
0.249184
0.0585174
0.409722
0.236861
0.478951
0.648235
0.202207
1.03654
0.863725
1.13473
1.19742
0.572561
1.01714
0.92016
0.402102
0.361162
-0.0158914
0.471927
0.2925
-0.0419317
0.339136
0.9083
0.656527
1.16883
1.10914
0.830877
0.864016
1.05974
0.943164
0.665734
0.20233
0.328076
0.898214
0.808347
0.758533
0.561765
0.593205
1.01389
0.501721
1.17
0.98435
0.881446
0.838784
0.895589
1.56177
1.12862
1.2268
0.568601
0.645735
0.579433
0.586662
1.03631
1.49452
1.16057
0.960918
1.13919
1.5298
1.575
0.905356
1.06547
0.797535
0.770873
1.12511
1.47272
1.37785
0.700432
0.855998
0.789305
1.49718
1.07003
1.54517
0.90018
1.32163
1.73467
0.956449
0.849653
0.87841
0.373939
0.729954
0.91362
0.379113
0.768006
0.408805
0.33675
0.377077
0.802193
0.885662
1.31287
0.917446
1.29991
0.556828
0.554017
0.889649
0.726488
0.229371
0.56909
0.773096
0.459452
0.739872
0.657893
0.910103
0.670183
0.960406
0.693719
1.1931
0.776576
1.05382
0.187994
0.212764
0.108046
0.607466
0.211777
0.546662
0.719015
0.25903
0.638879
0.217212
0.818286
0.591526
0.762881
1.06281
1.24027
1.0598
0.27629
0.214282
0.818202
0.569808
0.834311
0.178955
0.243537
0.432351
0.0302903
0.826628
0.262399
0.522099
0.751741
1.0671
0.792018
0.812511
0.726137
0.26457
0.0780523
0.799932
0.799971
-0.159344
0.132415
0.515292
0.131542
-0.00955661
0.0908902
0.783947
0.842714
1.396
1.11822
1.05479
0.117991
0.359628
0.347622
-0.116466
0.598071
0.704901
0.456873
0.769595
0.667355
0.81817
0.328452
0.349648
0.698293
1.1992
1.45807
0.384679
0.996163
-0.0143696
-0.0633011
0.75846
-0.0824595
0.214889
0.445776
0.220325
0.369188
0.661246
0.0622294
0.157392
0.877384
1.26203
1.52
0.969731
0.166619
0.324161
0.610909
0.732204
0.126394
0.221281
0.682534
-0.026657
0.209675
0.139112
0.381609
0.852375
1.15662
0.922728
1.55291
1.13754
0.462333
-0.0495437
0.654689
0.347402
0.26316
0.255837
0.750513
0.812976
0.0859916
-0.0620829
0.0259234
0.906323
1.01877
0.629127
1.20168
1.18309
0.520059
0.277354
0.673021
0.61023
0.591782
0.505784
0.760479
-0.0252898
0.805526
0.259415
0.877604
0.903566
1.00146
1.51143
1.36964
0.471524
1.04486
0.501987
0.583356
0.273764
0.849282
0.479665
0.257318
0.101512
0.572072
0.396585
0.0573118
0.532472
0.843179
1.3248
1.03984
0.384451
0.21589
0.215021
0.770522
0.773752
0.804824
0.664433
0.905157
0.763418
0.0675915
0.887215
0.70804
0.999311
1.19686
1.10237
0.768728
1.27625
0.270467
0.902535
0.346757
0.0849347
0.451112
0.715314
0.319143
0.153608
0.235226
0.461251
0.704669
0.977168
0.536079
0.675979
1.59025
0.789988
0.631798
0.978253
0.376005
0.379072
0.665529
0.33669
1.21673
0.806778
0.291831
0.954356
0.763577
1.31322
0.707548
1.29181
1.66208
0.970192
1.00119
0.693597
0.856688
1.32842
1.33228
1.11925
1.43975
1.52623
1.53356
1.05931
1.33976
0.760053
1.2254
1.42076
1.24521
1.52131
0.965379
1.14602
1.51407
1.30072
1.19113
1.45794
0.851468
1.2303
1.15589
1.3252
1.18903
1.39104
0.986661
1.16682
1.67408
1.15452
0.875581
0.588317
0.684446
0.506516
1.06957
0.515322
0.445321
1.01955
0.992718
1.18774
1.1662
0.578233
0.954086
0.849091
1.51443
1.06721
0.870827
0.886052
0.408356
1.2267
0.589534
0.539287
0.760108
1.05052
1.17405
1.24985
0.748232
0.480855
0.787892
1.05657
1.33165
1.0785
0.744505
1.06978
0.849844
0.223583
1.08815
0.838871
0.81337
0.653366
0.60004
0.533491
0.76779
1.06305
0.884549
1.03814
1.00896
1.35377
1.18854
0.617034
1.00705
0.358934
0.838725
0.491891
0.161906
0.764966
0.492997
0.633381
0.935757
0.91249
1.27221
1.08523
0.962599
0.713515
0.512971
1.10383
0.463426
0.288587
0.732849
0.110162
0.800162
0.190536
0.497536
0.391166
1.03232
1.08461
1.05384
0.884438
1.45068
0.984245
0.904955
0.792875
0.918103
0.480525
0.125163
0.961809
0.151912
0.522576
0.496036
0.954792
0.252693
0.498304
0.678875
1.06565
1.2374
0.950396
0.590127
1.05582
0.834696
0.0823635
1.02769
0.539075
0.200527
0.451703
0.850811
0.118367
0.366847
0.643036
0.643356
1.66902
1.66305
1.31925
0.893708
0.940486
0.398818
0.779834
0.767067
0.45797
0.234266
0.192047
0.334843
0.370981
0.518635
0.748309
1.07475
1.60887
0.743154
0.446587
1.10512
0.941422
0.128871
0.894878
0.345427
0.237873
0.277787
0.123916
0.274747
0.526183
0.593662
0.654407
0.835718
1.11122
1.02783
0.523146
0.504279
0.793844
0.903453
1.03041
0.113127
1.03997
0.14678
0.366621
0.322101
0.541367
0.941504
1.13568
0.795047
1.5383
1.63829
0.701115
0.944694
1.1465
0.203684
1.05333
0.24483
0.380623
1.09556
0.432987
0.813731
0.56542
0.917266
0.394228
1.32393
0.788854
0.969328
0.638104
1.07094
0.2714
0.286385
0.947497
0.166376
0.322007
0.222044
0.391352
0.763073
1.03375
0.353276
0.296428
1.20732
0.804596
1.02807
0.970598
0.478114
0.668178
0.657873
0.486857
0.892719
0.627458
0.811272
0.59515
1.0792
0.586823
0.800293
1.11971
0.974635
1.51152
1.73538
0.86785
1.36912
0.509803
0.460581
1.28061
0.640875
0.514846
0.521245
1.25131
1.39514
0.691158
1.31186
1.25993
1.01628
0.946017
1.08521
1.28148
1.25313
1.28522
1.40491
0.840731
1.64577
0.964914
1.1977
1.48737
1.31118
0.727208
1.27553
0.837457
1.63061
1.4033
1.27957
1.56406
1.41073
1.19185
1.35401
1.59504
1.27553
1.45662
1.44069
1.26647
1.73961
1.31579
1.03519
1.16409
1.53372
1.33757
1.68511
0.954672
1.70935
1.20627
0.999175
1.61626
1.4706
1.51446
1.43477
1.11432
1.57287
1.02703
1.24893
1.46781
1.66202
1.78913
1.28163
1.16688
0.915094
1.55975
0.792436
1.29347
1.16551
1.40282
0.742195
1.08778
0.901322
0.954335
1.43073
1.62208
1.5079
1.48951
0.988838
1.4666
0.761204
1.02738
1.24422
1.47686
0.840913
1.00232
0.928468
0.750858
1.36416
1.50008
1.53015
1.32238
1.5803
1.25239
1.00096
0.845561
0.968469
0.91482
1.39035
1.4747
0.715672
0.556051
0.999868
1.05372
0.943703
0.848211
1.07313
0.816566
0.67289
1.53516
0.842894
0.835344
0.768639
1.25813
0.617754
1.00697
0.715542
1.02648
1.25145
0.572973
1.0163
1.25377
1.34109
0.998821
0.862734
0.82695
1.42354
1.25503
0.971091
1.00861
1.06095
1.11019
1.0451
0.566011
0.682417
0.507324
0.929009
1.25112
0.788814
1.01661
1.14792
1.11953
1.43846
1.34959
0.616514
1.2607
0.698296
0.766107
0.778149
1.46549
0.868066
1.32325
1.24353
0.712595
0.792169
1.52299
0.900513
1.70398
1.37156
1.31326
0.958416
0.63965
0.76673
1.43874
0.698013
0.966369
0.476231
1.15605
0.741086
0.76715
0.641257
1.30412
1.24655
1.56937
1.25354
1.31172
1.08167
1.16116
1.4221
1.29561
1.11935
0.807042
1.14735
0.889071
1.04031
1.44019
0.881659
1.35896
1.50729
1.74425
1.27719
0.920946
0.642199
1.25656
0.705552
0.775929
0.713945
0.695209
1.45569
0.975811
0.978809
0.596117
0.751643
0.647871
1.53287
1.49638
1.56477
1.07237
0.922035
1.20621
0.718549
1.47929
0.503996
1.37731
0.889049
1.06214
1.33223
1.27056
0.896203
1.26689
1.38527
1.66004
1.79016
1.48928
1.19258
0.725653
0.620989
1.34484
0.90864
0.583526
0.83659
1.40106
0.691206
1.08601
1.52262
0.649061
0.947
1.55837
1.31299
1.33632
1.06278
1.2822
1.18011
1.00484
1.14172
0.568437
0.575385
0.981145
1.34513
0.963824
0.714157
1.14329
0.968273
0.935532
1.19549
1.63265
0.995291
1.09856
1.34916
1.33292
1.14555
1.66351
1.2203
1.32357
1.2352
1.2138
1.41256
1.56178
1.07112
1.07844
1.39152
1.58777
1.72823
0.885871
0.959741
1.26994
0.875153
0.965748
1.68891
1.65926
1.36636
0.823374
1.18718
1.65214
0.983116
1.61023
