[0, 1, 3, 4, 12, 13, 15, 16]
[0, 1, 3, 4, 12, 13, 15, 16, 24, 25, 27, 28]
[12, 13, 15, 16, 24, 25, 27, 28, 36, 37, 39, 40]
[24, 25, 27, 28, 36, 37, 39, 40, 48, 49, 51, 52]
[36, 37, 39, 40, 48, 49, 51, 52]
[0, 1, 3, 4, 6, 7, 12, 13, 15, 16, 18, 19]
[0, 1, 3, 4, 6, 7, 12, 13, 15, 16, 18, 19, 24, 25, 27, 28, 30, 31]
[12, 13, 15, 16, 18, 19, 24, 25, 27, 28, 30, 31, 36, 37, 39, 40, 42, 43]
[24, 25, 27, 28, 30, 31, 36, 37, 39, 40, 42, 43, 48, 49, 51, 52, 54, 55]
[36, 37, 39, 40, 42, 43, 48, 49, 51, 52, 54, 55]
[3, 4, 6, 7, 9, 10, 15, 16, 18, 19, 21, 22]
[3, 4, 6, 7, 9, 10, 15, 16, 18, 19, 21, 22, 27, 28, 30, 31, 33, 34]
[15, 16, 18, 19, 21, 22, 27, 28, 30, 31, 33, 34, 39, 40, 42, 43, 45, 46]
[27, 28, 30, 31, 33, 34, 39, 40, 42, 43, 45, 46, 51, 52, 54, 55, 57, 58]
[39, 40, 42, 43, 45, 46, 51, 52, 54, 55, 57, 58]
[6, 7, 9, 10, 18, 19, 21, 22]
[6, 7, 9, 10, 18, 19, 21, 22, 30, 31, 33, 34]
[18, 19, 21, 22, 30, 31, 33, 34, 42, 43, 45, 46]
[30, 31, 33, 34, 42, 43, 45, 46, 54, 55, 57, 58]
[42, 43, 45, 46, 54, 55, 57, 58]
[0, 1, 2, 3, 4, 5, 12, 13, 14, 15, 16, 17]
[0, 1, 2, 3, 4, 5, 12, 13, 14, 15, 16, 17, 24, 25, 26, 27, 28, 29]
[12, 13, 14, 15, 16, 17, 24, 25, 26, 27, 28, 29, 36, 37, 38, 39, 40, 41]
[24, 25, 26, 27, 28, 29, 36, 37, 38, 39, 40, 41, 48, 49, 50, 51, 52, 53]
[36, 37, 38, 39, 40, 41, 48, 49, 50, 51, 52, 53]
[0, 1, 2, 3, 4, 5, 6, 7, 8, 12, 13, 14, 15, 16, 17, 18, 19, 20]
[0, 1, 2, 3, 4, 5, 6, 7, 8, 12, 13, 14, 15, 16, 17, 18, 19, 20, 24, 25, 26, 27, 28, 29, 30, 31, 32]
[12, 13, 14, 15, 16, 17, 18, 19, 20, 24, 25, 26, 27, 28, 29, 30, 31, 32, 36, 37, 38, 39, 40, 41, 42, 43, 44]
[24, 25, 26, 27, 28, 29, 30, 31, 32, 36, 37, 38, 39, 40, 41, 42, 43, 44, 48, 49, 50, 51, 52, 53, 54, 55, 56]
[36, 37, 38, 39, 40, 41, 42, 43, 44, 48, 49, 50, 51, 52, 53, 54, 55, 56]
[3, 4, 5, 6, 7, 8, 9, 10, 11, 15, 16, 17, 18, 19, 20, 21, 22, 23]
[3, 4, 5, 6, 7, 8, 9, 10, 11, 15, 16, 17, 18, 19, 20, 21, 22, 23, 27, 28, 29, 30, 31, 32, 33, 34, 35]
[15, 16, 17, 18, 19, 20, 21, 22, 23, 27, 28, 29, 30, 31, 32, 33, 34, 35, 39, 40, 41, 42, 43, 44, 45, 46, 47]
[27, 28, 29, 30, 31, 32, 33, 34, 35, 39, 40, 41, 42, 43, 44, 45, 46, 47, 51, 52, 53, 54, 55, 56, 57, 58, 59]
[39, 40, 41, 42, 43, 44, 45, 46, 47, 51, 52, 53, 54, 55, 56, 57, 58, 59]
[6, 7, 8, 9, 10, 11, 18, 19, 20, 21, 22, 23]
[6, 7, 8, 9, 10, 11, 18, 19, 20, 21, 22, 23, 30, 31, 32, 33, 34, 35]
[18, 19, 20, 21, 22, 23, 30, 31, 32, 33, 34, 35, 42, 43, 44, 45, 46, 47]
[30, 31, 32, 33, 34, 35, 42, 43, 44, 45, 46, 47, 54, 55, 56, 57, 58, 59]
[42, 43, 44, 45, 46, 47, 54, 55, 56, 57, 58, 59]
[1, 2, 4, 5, 13, 14, 16, 17]
[1, 2, 4, 5, 13, 14, 16, 17, 25, 26, 28, 29]
[13, 14, 16, 17, 25, 26, 28, 29, 37, 38, 40, 41]
[25, 26, 28, 29, 37, 38, 40, 41, 49, 50, 52, 53]
[37, 38, 40, 41, 49, 50, 52, 53]
[1, 2, 4, 5, 7, 8, 13, 14, 16, 17, 19, 20]
[1, 2, 4, 5, 7, 8, 13, 14, 16, 17, 19, 20, 25, 26, 28, 29, 31, 32]
[13, 14, 16, 17, 19, 20, 25, 26, 28, 29, 31, 32, 37, 38, 40, 41, 43, 44]
[25, 26, 28, 29, 31, 32, 37, 38, 40, 41, 43, 44, 49, 50, 52, 53, 55, 56]
[37, 38, 40, 41, 43, 44, 49, 50, 52, 53, 55, 56]
[4, 5, 7, 8, 10, 11, 16, 17, 19, 20, 22, 23]
[4, 5, 7, 8, 10, 11, 16, 17, 19, 20, 22, 23, 28, 29, 31, 32, 34, 35]
[16, 17, 19, 20, 22, 23, 28, 29, 31, 32, 34, 35, 40, 41, 43, 44, 46, 47]
[28, 29, 31, 32, 34, 35, 40, 41, 43, 44, 46, 47, 52, 53, 55, 56, 58, 59]
[40, 41, 43, 44, 46, 47, 52, 53, 55, 56, 58, 59]
[7, 8, 10, 11, 19, 20, 22, 23]
[7, 8, 10, 11, 19, 20, 22, 23, 31, 32, 34, 35]
[19, 20, 22, 23, 31, 32, 34, 35, 43, 44, 46, 47]
[31, 32, 34, 35, 43, 44, 46, 47, 55, 56, 58, 59]
[43, 44, 46, 47, 55, 56, 58, 59]
