[0, 1, 8, 9, 64, 65, 72, 73]
[0, 1, 8, 9, 64, 65, 72, 73, 128, 129, 136, 137]
[64, 65, 72, 73, 128, 129, 136, 137, 192, 193, 200, 201]
[128, 129, 136, 137, 192, 193, 200, 201, 256, 257, 264, 265]
[192, 193, 200, 201, 256, 257, 264, 265, 320, 321, 328, 329]
[256, 257, 264, 265, 320, 321, 328, 329, 384, 385, 392, 393]
[320, 321, 328, 329, 384, 385, 392, 393, 448, 449, 456, 457]
[384, 385, 392, 393, 448, 449, 456, 457]
[0, 1, 8, 9, 16, 17, 64, 65, 72, 73, 80, 81]
[0, 1, 8, 9, 16, 17, 64, 65, 72, 73, 80, 81, 128, 129, 136, 137, 144, 145]
[64, 65, 72, 73, 80, 81, 128, 129, 136, 137, 144, 145, 192, 193, 200, 201, 208, 209]
[128, 129, 136, 137, 144, 145, 192, 193, 200, 201, 208, 209, 256, 257, 264, 265, 272, 273]
[192, 193, 200, 201, 208, 209, 256, 257, 264, 265, 272, 273, 320, 321, 328, 329, 336, 337]
[256, 257, 264, 265, 272, 273, 320, 321, 328, 329, 336, 337, 384, 385, 392, 393, 400, 401]
[320, 321, 328, 329, 336, 337, 384, 385, 392, 393, 400, 401, 448, 449, 456, 457, 464, 465]
[384, 385, 392, 393, 400, 401, 448, 449, 456, 457, 464, 465]
[8, 9, 16, 17, 24, 25, 72, 73, 80, 81, 88, 89]
[8, 9, 16, 17, 24, 25, 72, 73, 80, 81, 88, 89, 136, 137, 144, 145, 152, 153]
[72, 73, 80, 81, 88, 89, 136, 137, 144, 145, 152, 153, 200, 201, 208, 209, 216, 217]
[136, 137, 144, 145, 152, 153, 200, 201, 208, 209, 216, 217, 264, 265, 272, 273, 280, 281]
[200, 201, 208, 209, 216, 217, 264, 265, 272, 273, 280, 281, 328, 329, 336, 337, 344, 345]
[264, 265, 272, 273, 280, 281, 328, 329, 336, 337, 344, 345, 392, 393, 400, 401, 408, 409]
[328, 329, 336, 337, 344, 345, 392, 393, 400, 401, 408, 409, 456, 457, 464, 465, 472, 473]
[392, 393, 400, 401, 408, 409, 456, 457, 464, 465, 472, 473]
[16, 17, 24, 25, 32, 33, 80, 81, 88, 89, 96, 97]
[16, 17, 24, 25, 32, 33, 80, 81, 88, 89, 96, 97, 144, 145, 152, 153, 160, 161]
[80, 81, 88, 89, 96, 97, 144, 145, 152, 153, 160, 161, 208, 209, 216, 217, 224, 225]
[144, 145, 152, 153, 160, 161, 208, 209, 216, 217, 224, 225, 272, 273, 280, 281, 288, 289]
[208, 209, 216, 217, 224, 225, 272, 273, 280, 281, 288, 289, 336, 337, 344, 345, 352, 353]
[272, 273, 280, 281, 288, 289, 336, 337, 344, 345, 352, 353, 400, 401, 408, 409, 416, 417]
[336, 337, 344, 345, 352, 353, 400, 401, 408, 409, 416, 417, 464, 465, 472, 473, 480, 481]
[400, 401, 408, 409, 416, 417, 464, 465, 472, 473, 480, 481]
[24, 25, 32, 33, 40, 41, 88, 89, 96, 97, 104, 105]
[24, 25, 32, 33, 40, 41, 88, 89, 96, 97, 104, 105, 152, 153, 160, 161, 168, 169]
[88, 89, 96, 97, 104, 105, 152, 153, 160, 161, 168, 169, 216, 217, 224, 225, 232, 233]
[152, 153, 160, 161, 168, 169, 216, 217, 224, 225, 232, 233, 280, 281, 288, 289, 296, 297]
[216, 217, 224, 225, 232, 233, 280, 281, 288, 289, 296, 297, 344, 345, 352, 353, 360, 361]
[280, 281, 288, 289, 296, 297, 344, 345, 352, 353, 360, 361, 408, 409, 416, 417, 424, 425]
[344, 345, 352, 353, 360, 361, 408, 409, 416, 417, 424, 425, 472, 473, 480, 481, 488, 489]
[408, 409, 416, 417, 424, 425, 472, 473, 480, 481, 488, 489]
[32, 33, 40, 41, 48, 49, 96, 97, 104, 105, 112, 113]
[32, 33, 40, 41, 48, 49, 96, 97, 104, 105, 112, 113, 160, 161, 168, 169, 176, 177]
[96, 97, 104, 105, 112, 113, 160, 161, 168, 169, 176, 177, 224, 225, 232, 233, 240, 241]
[160, 161, 168, 169, 176, 177, 224, 225, 232, 233, 240, 241, 288, 289, 296, 297, 304, 305]
[224, 225, 232, 233, 240, 241, 288, 289, 296, 297, 304, 305, 352, 353, 360, 361, 368, 369]
[288, 289, 296, 297, 304, 305, 352, 353, 360, 361, 368, 369, 416, 417, 424, 425, 432, 433]
[352, 353, 360, 361, 368, 369, 416, 417, 424, 425, 432, 433, 480, 481, 488, 489, 496, 497]
[416, 417, 424, 425, 432, 433, 480, 481, 488, 489, 496, 497]
[40, 41, 48, 49, 56, 57, 104, 105, 112, 113, 120, 121]
[40, 41, 48, 49, 56, 57, 104, 105, 112, 113, 120, 121, 168, 169, 176, 177, 184, 185]
[104, 105, 112, 113, 120, 121, 168, 169, 176, 177, 184, 185, 232, 233, 240, 241, 248, 249]
[168, 169, 176, 177, 184, 185, 232, 233, 240, 241, 248, 249, 296, 297, 304, 305, 312, 313]
[232, 233, 240, 241, 248, 249, 296, 297, 304, 305, 312, 313, 360, 361, 368, 369, 376, 377]
[296, 297, 304, 305, 312, 313, 360, 361, 368, 369, 376, 377, 424, 425, 432, 433, 440, 441]
[360, 361, 368, 369, 376, 377, 424, 425, 432, 433, 440, 441, 488, 489, 496, 497, 504, 505]
[424, 425, 432, 433, 440, 441, 488, 489, 496, 497, 504, 505]
[48, 49, 56, 57, 112, 113, 120, 121]
[48, 49, 56, 57, 112, 113, 120, 121, 176, 177, 184, 185]
[112, 113, 120, 121, 176, 177, 184, 185, 240, 241, 248, 249]
[176, 177, 184, 185, 240, 241, 248, 249, 304, 305, 312, 313]
[240, 241, 248, 249, 304, 305, 312, 313, 368, 369, 376, 377]
[304, 305, 312, 313, 368, 369, 376, 377, 432, 433, 440, 441]
[368, 369, 376, 377, 432, 433, 440, 441, 496, 497, 504, 505]
[432, 433, 440, 441, 496, 497, 504, 505]
[0, 1, 2, 8, 9, 10, 64, 65, 66, 72, 73, 74]
[0, 1, 2, 8, 9, 10, 64, 65, 66, 72, 73, 74, 128, 129, 130, 136, 137, 138]
[64, 65, 66, 72, 73, 74, 128, 129, 130, 136, 137, 138, 192, 193, 194, 200, 201, 202]
[128, 129, 130, 136, 137, 138, 192, 193, 194, 200, 201, 202, 256, 257, 258, 264, 265, 266]
[192, 193, 194, 200, 201, 202, 256, 257, 258, 264, 265, 266, 320, 321, 322, 328, 329, 330]
[256, 257, 258, 264, 265, 266, 320, 321, 322, 328, 329, 330, 384, 385, 386, 392, 393, 394]
[320, 321, 322, 328, 329, 330, 384, 385, 386, 392, 393, 394, 448, 449, 450, 456, 457, 458]
[384, 385, 386, 392, 393, 394, 448, 449, 450, 456, 457, 458]
[0, 1, 2, 8, 9, 10, 16, 17, 18, 64, 65, 66, 72, 73, 74, 80, 81, 82]
[0, 1, 2, 8, 9, 10, 16, 17, 18, 64, 65, 66, 72, 73, 74, 80, 81, 82, 128, 129, 130, 136, 137, 138, 144, 145, 146]
[64, 65, 66, 72, 73, 74, 80, 81, 82, 128, 129, 130, 136, 137, 138, 144, 145, 146, 192, 193, 194, 200, 201, 202, 208, 209, 210]
[128, 129, 130, 136, 137, 138, 144, 145, 146, 192, 193, 194, 200, 201, 202, 208, 209, 210, 256, 257, 258, 264, 265, 266, 272, 273, 274]
[192, 193, 194, 200, 201, 202, 208, 209, 210, 256, 257, 258, 264, 265, 266, 272, 273, 274, 320, 321, 322, 328, 329, 330, 336, 337, 338]
[256, 257, 258, 264, 265, 266, 272, 273, 274, 320, 321, 322, 328, 329, 330, 336, 337, 338, 384, 385, 386, 392, 393, 394, 400, 401, 402]
[320, 321, 322, 328, 329, 330, 336, 337, 338, 384, 385, 386, 392, 393, 394, 400, 401, 402, 448, 449, 450, 456, 457, 458, 464, 465, 466]
[384, 385, 386, 392, 393, 394, 400, 401, 402, 448, 449, 450, 456, 457, 458, 464, 465, 466]
[8, 9, 10, 16, 17, 18, 24, 25, 26, 72, 73, 74, 80, 81, 82, 88, 89, 90]
[8, 9, 10, 16, 17, 18, 24, 25, 26, 72, 73, 74, 80, 81, 82, 88, 89, 90, 136, 137, 138, 144, 145, 146, 152, 153, 154]
[72, 73, 74, 80, 81, 82, 88, 89, 90, 136, 137, 138, 144, 145, 146, 152, 153, 154, 200, 201, 202, 208, 209, 210, 216, 217, 218]
[136, 137, 138, 144, 145, 146, 152, 153, 154, 200, 201, 202, 208, 209, 210, 216, 217, 218, 264, 265, 266, 272, 273, 274, 280, 281, 282]
[200, 201, 202, 208, 209, 210, 216, 217, 218, 264, 265, 266, 272, 273, 274, 280, 281, 282, 328, 329, 330, 336, 337, 338, 344, 345, 346]
[264, 265, 266, 272, 273, 274, 280, 281, 282, 328, 329, 330, 336, 337, 338, 344, 345, 346, 392, 393, 394, 400, 401, 402, 408, 409, 410]
[328, 329, 330, 336, 337, 338, 344, 345, 346, 392, 393, 394, 400, 401, 402, 408, 409, 410, 456, 457, 458, 464, 465, 466, 472, 473, 474]
[392, 393, 394, 400, 401, 402, 408, 409, 410, 456, 457, 458, 464, 465, 466, 472, 473, 474]
[16, 17, 18, 24, 25, 26, 32, 33, 34, 80, 81, 82, 88, 89, 90, 96, 97, 98]
[16, 17, 18, 24, 25, 26, 32, 33, 34, 80, 81, 82, 88, 89, 90, 96, 97, 98, 144, 145, 146, 152, 153, 154, 160, 161, 162]
[80, 81, 82, 88, 89, 90, 96, 97, 98, 144, 145, 146, 152, 153, 154, 160, 161, 162, 208, 209, 210, 216, 217, 218, 224, 225, 226]
[144, 145, 146, 152, 153, 154, 160, 161, 162, 208, 209, 210, 216, 217, 218, 224, 225, 226, 272, 273, 274, 280, 281, 282, 288, 289, 290]
[208, 209, 210, 216, 217, 218, 224, 225, 226, 272, 273, 274, 280, 281, 282, 288, 289, 290, 336, 337, 338, 344, 345, 346, 352, 353, 354]
[272, 273, 274, 280, 281, 282, 288, 289, 290, 336, 337, 338, 344, 345, 346, 352, 353, 354, 400, 401, 402, 408, 409, 410, 416, 417, 418]
[336, 337, 338, 344, 345, 346, 352, 353, 354, 400, 401, 402, 408, 409, 410, 416, 417, 418, 464, 465, 466, 472, 473, 474, 480, 481, 482]
[400, 401, 402, 408, 409, 410, 416, 417, 418, 464, 465, 466, 472, 473, 474, 480, 481, 482]
[24, 25, 26, 32, 33, 34, 40, 41, 42, 88, 89, 90, 96, 97, 98, 104, 105, 106]
[24, 25, 26, 32, 33, 34, 40, 41, 42, 88, 89, 90, 96, 97, 98, 104, 105, 106, 152, 153, 154, 160, 161, 162, 168, 169, 170]
[88, 89, 90, 96, 97, 98, 104, 105, 106, 152, 153, 154, 160, 161, 162, 168, 169, 170, 216, 217, 218, 224, 225, 226, 232, 233, 234]
[152, 153, 154, 160, 161, 162, 168, 169, 170, 216, 217, 218, 224, 225, 226, 232, 233, 234, 280, 281, 282, 288, 289, 290, 296, 297, 298]
[216, 217, 218, 224, 225, 226, 232, 233, 234, 280, 281, 282, 288, 289, 290, 296, 297, 298, 344, 345, 346, 352, 353, 354, 360, 361, 362]
[280, 281, 282, 288, 289, 290, 296, 297, 298, 344, 345, 346, 352, 353, 354, 360, 361, 362, 408, 409, 410, 416, 417, 418, 424, 425, 426]
[344, 345, 346, 352, 353, 354, 360, 361, 362, 408, 409, 410, 416, 417, 418, 424, 425, 426, 472, 473, 474, 480, 481, 482, 488, 489, 490]
[408, 409, 410, 416, 417, 418, 424, 425, 426, 472, 473, 474, 480, 481, 482, 488, 489, 490]
[32, 33, 34, 40, 41, 42, 48, 49, 50, 96, 97, 98, 104, 105, 106, 112, 113, 114]
[32, 33, 34, 40, 41, 42, 48, 49, 50, 96, 97, 98, 104, 105, 106, 112, 113, 114, 160, 161, 162, 168, 169, 170, 176, 177, 178]
[96, 97, 98, 104, 105, 106, 112, 113, 114, 160, 161, 162, 168, 169, 170, 176, 177, 178, 224, 225, 226, 232, 233, 234, 240, 241, 242]
[160, 161, 162, 168, 169, 170, 176, 177, 178, 224, 225, 226, 232, 233, 234, 240, 241, 242, 288, 289, 290, 296, 297, 298, 304, 305, 306]
[224, 225, 226, 232, 233, 234, 240, 241, 242, 288, 289, 290, 296, 297, 298, 304, 305, 306, 352, 353, 354, 360, 361, 362, 368, 369, 370]
[288, 289, 290, 296, 297, 298, 304, 305, 306, 352, 353, 354, 360, 361, 362, 368, 369, 370, 416, 417, 418, 424, 425, 426, 432, 433, 434]
[352, 353, 354, 360, 361, 362, 368, 369, 370, 416, 417, 418, 424, 425, 426, 432, 433, 434, 480, 481, 482, 488, 489, 490, 496, 497, 498]
[416, 417, 418, 424, 425, 426, 432, 433, 434, 480, 481, 482, 488, 489, 490, 496, 497, 498]
[40, 41, 42, 48, 49, 50, 56, 57, 58, 104, 105, 106, 112, 113, 114, 120, 121, 122]
[40, 41, 42, 48, 49, 50, 56, 57, 58, 104, 105, 106, 112, 113, 114, 120, 121, 122, 168, 169, 170, 176, 177, 178, 184, 185, 186]
[104, 105, 106, 112, 113, 114, 120, 121, 122, 168, 169, 170, 176, 177, 178, 184, 185, 186, 232, 233, 234, 240, 241, 242, 248, 249, 250]
[168, 169, 170, 176, 177, 178, 184, 185, 186, 232, 233, 234, 240, 241, 242, 248, 249, 250, 296, 297, 298, 304, 305, 306, 312, 313, 314]
[232, 233, 234, 240, 241, 242, 248, 249, 250, 296, 297, 298, 304, 305, 306, 312, 313, 314, 360, 361, 362, 368, 369, 370, 376, 377, 378]
[296, 297, 298, 304, 305, 306, 312, 313, 314, 360, 361, 362, 368, 369, 370, 376, 377, 378, 424, 425, 426, 432, 433, 434, 440, 441, 442]
[360, 361, 362, 368, 369, 370, 376, 377, 378, 424, 425, 426, 432, 433, 434, 440, 441, 442, 488, 489, 490, 496, 497, 498, 504, 505, 506]
[424, 425, 426, 432, 433, 434, 440, 441, 442, 488, 489, 490, 496, 497, 498, 504, 505, 506]
[48, 49, 50, 56, 57, 58, 112, 113, 114, 120, 121, 122]
[48, 49, 50, 56, 57, 58, 112, 113, 114, 120, 121, 122, 176, 177, 178, 184, 185, 186]
[112, 113, 114, 120, 121, 122, 176, 177, 178, 184, 185, 186, 240, 241, 242, 248, 249, 250]
[176, 177, 178, 184, 185, 186, 240, 241, 242, 248, 249, 250, 304, 305, 306, 312, 313, 314]
[240, 241, 242, 248, 249, 250, 304, 305, 306, 312, 313, 314, 368, 369, 370, 376, 377, 378]
[304, 305, 306, 312, 313, 314, 368, 369, 370, 376, 377, 378, 432, 433, 434, 440, 441, 442]
[368, 369, 370, 376, 377, 378, 432, 433, 434, 440, 441, 442, 496, 497, 498, 504, 505, 506]
[432, 433, 434, 440, 441, 442, 496, 497, 498, 504, 505, 506]
[1, 2, 3, 9, 10, 11, 65, 66, 67, 73, 74, 75]
[1, 2, 3, 9, 10, 11, 65, 66, 67, 73, 74, 75, 129, 130, 131, 137, 138, 139]
[65, 66, 67, 73, 74, 75, 129, 130, 131, 137, 138, 139, 193, 194, 195, 201, 202, 203]
[129, 130, 131, 137, 138, 139, 193, 194, 195, 201, 202, 203, 257, 258, 259, 265, 266, 267]
[193, 194, 195, 201, 202, 203, 257, 258, 259, 265, 266, 267, 321, 322, 323, 329, 330, 331]
[257, 258, 259, 265, 266, 267, 321, 322, 323, 329, 330, 331, 385, 386, 387, 393, 394, 395]
[321, 322, 323, 329, 330, 331, 385, 386, 387, 393, 394, 395, 449, 450, 451, 457, 458, 459]
[385, 386, 387, 393, 394, 395, 449, 450, 451, 457, 458, 459]
[1, 2, 3, 9, 10, 11, 17, 18, 19, 65, 66, 67, 73, 74, 75, 81, 82, 83]
[1, 2, 3, 9, 10, 11, 17, 18, 19, 65, 66, 67, 73, 74, 75, 81, 82, 83, 129, 130, 131, 137, 138, 139, 145, 146, 147]
[65, 66, 67, 73, 74, 75, 81, 82, 83, 129, 130, 131, 137, 138, 139, 145, 146, 147, 193, 194, 195, 201, 202, 203, 209, 210, 211]
[129, 130, 131, 137, 138, 139, 145, 146, 147, 193, 194, 195, 201, 202, 203, 209, 210, 211, 257, 258, 259, 265, 266, 267, 273, 274, 275]
[193, 194, 195, 201, 202, 203, 209, 210, 211, 257, 258, 259, 265, 266, 267, 273, 274, 275, 321, 322, 323, 329, 330, 331, 337, 338, 339]
[257, 258, 259, 265, 266, 267, 273, 274, 275, 321, 322, 323, 329, 330, 331, 337, 338, 339, 385, 386, 387, 393, 394, 395, 401, 402, 403]
[321, 322, 323, 329, 330, 331, 337, 338, 339, 385, 386, 387, 393, 394, 395, 401, 402, 403, 449, 450, 451, 457, 458, 459, 465, 466, 467]
[385, 386, 387, 393, 394, 395, 401, 402, 403, 449, 450, 451, 457, 458, 459, 465, 466, 467]
[9, 10, 11, 17, 18, 19, 25, 26, 27, 73, 74, 75, 81, 82, 83, 89, 90, 91]
[9, 10, 11, 17, 18, 19, 25, 26, 27, 73, 74, 75, 81, 82, 83, 89, 90, 91, 137, 138, 139, 145, 146, 147, 153, 154, 155]
[73, 74, 75, 81, 82, 83, 89, 90, 91, 137, 138, 139, 145, 146, 147, 153, 154, 155, 201, 202, 203, 209, 210, 211, 217, 218, 219]
[137, 138, 139, 145, 146, 147, 153, 154, 155, 201, 202, 203, 209, 210, 211, 217, 218, 219, 265, 266, 267, 273, 274, 275, 281, 282, 283]
[201, 202, 203, 209, 210, 211, 217, 218, 219, 265, 266, 267, 273, 274, 275, 281, 282, 283, 329, 330, 331, 337, 338, 339, 345, 346, 347]
[265, 266, 267, 273, 274, 275, 281, 282, 283, 329, 330, 331, 337, 338, 339, 345, 346, 347, 393, 394, 395, 401, 402, 403, 409, 410, 411]
[329, 330, 331, 337, 338, 339, 345, 346, 347, 393, 394, 395, 401, 402, 403, 409, 410, 411, 457, 458, 459, 465, 466, 467, 473, 474, 475]
[393, 394, 395, 401, 402, 403, 409, 410, 411, 457, 458, 459, 465, 466, 467, 473, 474, 475]
[17, 18, 19, 25, 26, 27, 33, 34, 35, 81, 82, 83, 89, 90, 91, 97, 98, 99]
[17, 18, 19, 25, 26, 27, 33, 34, 35, 81, 82, 83, 89, 90, 91, 97, 98, 99, 145, 146, 147, 153, 154, 155, 161, 162, 163]
[81, 82, 83, 89, 90, 91, 97, 98, 99, 145, 146, 147, 153, 154, 155, 161, 162, 163, 209, 210, 211, 217, 218, 219, 225, 226, 227]
[145, 146, 147, 153, 154, 155, 161, 162, 163, 209, 210, 211, 217, 218, 219, 225, 226, 227, 273, 274, 275, 281, 282, 283, 289, 290, 291]
[209, 210, 211, 217, 218, 219, 225, 226, 227, 273, 274, 275, 281, 282, 283, 289, 290, 291, 337, 338, 339, 345, 346, 347, 353, 354, 355]
[273, 274, 275, 281, 282, 283, 289, 290, 291, 337, 338, 339, 345, 346, 347, 353, 354, 355, 401, 402, 403, 409, 410, 411, 417, 418, 419]
[337, 338, 339, 345, 346, 347, 353, 354, 355, 401, 402, 403, 409, 410, 411, 417, 418, 419, 465, 466, 467, 473, 474, 475, 481, 482, 483]
[401, 402, 403, 409, 410, 411, 417, 418, 419, 465, 466, 467, 473, 474, 475, 481, 482, 483]
[25, 26, 27, 33, 34, 35, 41, 42, 43, 89, 90, 91, 97, 98, 99, 105, 106, 107]
[25, 26, 27, 33, 34, 35, 41, 42, 43, 89, 90, 91, 97, 98, 99, 105, 106, 107, 153, 154, 155, 161, 162, 163, 169, 170, 171]
[89, 90, 91, 97, 98, 99, 105, 106, 107, 153, 154, 155, 161, 162, 163, 169, 170, 171, 217, 218, 219, 225, 226, 227, 233, 234, 235]
[153, 154, 155, 161, 162, 163, 169, 170, 171, 217, 218, 219, 225, 226, 227, 233, 234, 235, 281, 282, 283, 289, 290, 291, 297, 298, 299]
[217, 218, 219, 225, 226, 227, 233, 234, 235, 281, 282, 283, 289, 290, 291, 297, 298, 299, 345, 346, 347, 353, 354, 355, 361, 362, 363]
[281, 282, 283, 289, 290, 291, 297, 298, 299, 345, 346, 347, 353, 354, 355, 361, 362, 363, 409, 410, 411, 417, 418, 419, 425, 426, 427]
[345, 346, 347, 353, 354, 355, 361, 362, 363, 409, 410, 411, 417, 418, 419, 425, 426, 427, 473, 474, 475, 481, 482, 483, 489, 490, 491]
[409, 410, 411, 417, 418, 419, 425, 426, 427, 473, 474, 475, 481, 482, 483, 489, 490, 491]
[33, 34, 35, 41, 42, 43, 49, 50, 51, 97, 98, 99, 105, 106, 107, 113, 114, 115]
[33, 34, 35, 41, 42, 43, 49, 50, 51, 97, 98, 99, 105, 106, 107, 113, 114, 115, 161, 162, 163, 169, 170, 171, 177, 178, 179]
[97, 98, 99, 105, 106, 107, 113, 114, 115, 161, 162, 163, 169, 170, 171, 177, 178, 179, 225, 226, 227, 233, 234, 235, 241, 242, 243]
[161, 162, 163, 169, 170, 171, 177, 178, 179, 225, 226, 227, 233, 234, 235, 241, 242, 243, 289, 290, 291, 297, 298, 299, 305, 306, 307]
[225, 226, 227, 233, 234, 235, 241, 242, 243, 289, 290, 291, 297, 298, 299, 305, 306, 307, 353, 354, 355, 361, 362, 363, 369, 370, 371]
[289, 290, 291, 297, 298, 299, 305, 306, 307, 353, 354, 355, 361, 362, 363, 369, 370, 371, 417, 418, 419, 425, 426, 427, 433, 434, 435]
[353, 354, 355, 361, 362, 363, 369, 370, 371, 417, 418, 419, 425, 426, 427, 433, 434, 435, 481, 482, 483, 489, 490, 491, 497, 498, 499]
[417, 418, 419, 425, 426, 427, 433, 434, 435, 481, 482, 483, 489, 490, 491, 497, 498, 499]
[41, 42, 43, 49, 50, 51, 57, 58, 59, 105, 106, 107, 113, 114, 115, 121, 122, 123]
[41, 42, 43, 49, 50, 51, 57, 58, 59, 105, 106, 107, 113, 114, 115, 121, 122, 123, 169, 170, 171, 177, 178, 179, 185, 186, 187]
[105, 106, 107, 113, 114, 115, 121, 122, 123, 169, 170, 171, 177, 178, 179, 185, 186, 187, 233, 234, 235, 241, 242, 243, 249, 250, 251]
[169, 170, 171, 177, 178, 179, 185, 186, 187, 233, 234, 235, 241, 242, 243, 249, 250, 251, 297, 298, 299, 305, 306, 307, 313, 314, 315]
[233, 234, 235, 241, 242, 243, 249, 250, 251, 297, 298, 299, 305, 306, 307, 313, 314, 315, 361, 362, 363, 369, 370, 371, 377, 378, 379]
[297, 298, 299, 305, 306, 307, 313, 314, 315, 361, 362, 363, 369, 370, 371, 377, 378, 379, 425, 426, 427, 433, 434, 435, 441, 442, 443]
[361, 362, 363, 369, 370, 371, 377, 378, 379, 425, 426, 427, 433, 434, 435, 441, 442, 443, 489, 490, 491, 497, 498, 499, 505, 506, 507]
[425, 426, 427, 433, 434, 435, 441, 442, 443, 489, 490, 491, 497, 498, 499, 505, 506, 507]
[49, 50, 51, 57, 58, 59, 113, 114, 115, 121, 122, 123]
[49, 50, 51, 57, 58, 59, 113, 114, 115, 121, 122, 123, 177, 178, 179, 185, 186, 187]
[113, 114, 115, 121, 122, 123, 177, 178, 179, 185, 186, 187, 241, 242, 243, 249, 250, 251]
[177, 178, 179, 185, 186, 187, 241, 242, 243, 249, 250, 251, 305, 306, 307, 313, 314, 315]
[241, 242, 243, 249, 250, 251, 305, 306, 307, 313, 314, 315, 369, 370, 371, 377, 378, 379]
[305, 306, 307, 313, 314, 315, 369, 370, 371, 377, 378, 379, 433, 434, 435, 441, 442, 443]
[369, 370, 371, 377, 378, 379, 433, 434, 435, 441, 442, 443, 497, 498, 499, 505, 506, 507]
[433, 434, 435, 441, 442, 443, 497, 498, 499, 505, 506, 507]
[2, 3, 4, 10, 11, 12, 66, 67, 68, 74, 75, 76]
[2, 3, 4, 10, 11, 12, 66, 67, 68, 74, 75, 76, 130, 131, 132, 138, 139, 140]
[66, 67, 68, 74, 75, 76, 130, 131, 132, 138, 139, 140, 194, 195, 196, 202, 203, 204]
[130, 131, 132, 138, 139, 140, 194, 195, 196, 202, 203, 204, 258, 259, 260, 266, 267, 268]
[194, 195, 196, 202, 203, 204, 258, 259, 260, 266, 267, 268, 322, 323, 324, 330, 331, 332]
[258, 259, 260, 266, 267, 268, 322, 323, 324, 330, 331, 332, 386, 387, 388, 394, 395, 396]
[322, 323, 324, 330, 331, 332, 386, 387, 388, 394, 395, 396, 450, 451, 452, 458, 459, 460]
[386, 387, 388, 394, 395, 396, 450, 451, 452, 458, 459, 460]
[2, 3, 4, 10, 11, 12, 18, 19, 20, 66, 67, 68, 74, 75, 76, 82, 83, 84]
[2, 3, 4, 10, 11, 12, 18, 19, 20, 66, 67, 68, 74, 75, 76, 82, 83, 84, 130, 131, 132, 138, 139, 140, 146, 147, 148]
[66, 67, 68, 74, 75, 76, 82, 83, 84, 130, 131, 132, 138, 139, 140, 146, 147, 148, 194, 195, 196, 202, 203, 204, 210, 211, 212]
[130, 131, 132, 138, 139, 140, 146, 147, 148, 194, 195, 196, 202, 203, 204, 210, 211, 212, 258, 259, 260, 266, 267, 268, 274, 275, 276]
[194, 195, 196, 202, 203, 204, 210, 211, 212, 258, 259, 260, 266, 267, 268, 274, 275, 276, 322, 323, 324, 330, 331, 332, 338, 339, 340]
[258, 259, 260, 266, 267, 268, 274, 275, 276, 322, 323, 324, 330, 331, 332, 338, 339, 340, 386, 387, 388, 394, 395, 396, 402, 403, 404]
[322, 323, 324, 330, 331, 332, 338, 339, 340, 386, 387, 388, 394, 395, 396, 402, 403, 404, 450, 451, 452, 458, 459, 460, 466, 467, 468]
[386, 387, 388, 394, 395, 396, 402, 403, 404, 450, 451, 452, 458, 459, 460, 466, 467, 468]
[10, 11, 12, 18, 19, 20, 26, 27, 28, 74, 75, 76, 82, 83, 84, 90, 91, 92]
[10, 11, 12, 18, 19, 20, 26, 27, 28, 74, 75, 76, 82, 83, 84, 90, 91, 92, 138, 139, 140, 146, 147, 148, 154, 155, 156]
[74, 75, 76, 82, 83, 84, 90, 91, 92, 138, 139, 140, 146, 147, 148, 154, 155, 156, 202, 203, 204, 210, 211, 212, 218, 219, 220]
[138, 139, 140, 146, 147, 148, 154, 155, 156, 202, 203, 204, 210, 211, 212, 218, 219, 220, 266, 267, 268, 274, 275, 276, 282, 283, 284]
[202, 203, 204, 210, 211, 212, 218, 219, 220, 266, 267, 268, 274, 275, 276, 282, 283, 284, 330, 331, 332, 338, 339, 340, 346, 347, 348]
[266, 267, 268, 274, 275, 276, 282, 283, 284, 330, 331, 332, 338, 339, 340, 346, 347, 348, 394, 395, 396, 402, 403, 404, 410, 411, 412]
[330, 331, 332, 338, 339, 340, 346, 347, 348, 394, 395, 396, 402, 403, 404, 410, 411, 412, 458, 459, 460, 466, 467, 468, 474, 475, 476]
[394, 395, 396, 402, 403, 404, 410, 411, 412, 458, 459, 460, 466, 467, 468, 474, 475, 476]
[18, 19, 20, 26, 27, 28, 34, 35, 36, 82, 83, 84, 90, 91, 92, 98, 99, 100]
[18, 19, 20, 26, 27, 28, 34, 35, 36, 82, 83, 84, 90, 91, 92, 98, 99, 100, 146, 147, 148, 154, 155, 156, 162, 163, 164]
[82, 83, 84, 90, 91, 92, 98, 99, 100, 146, 147, 148, 154, 155, 156, 162, 163, 164, 210, 211, 212, 218, 219, 220, 226, 227, 228]
[146, 147, 148, 154, 155, 156, 162, 163, 164, 210, 211, 212, 218, 219, 220, 226, 227, 228, 274, 275, 276, 282, 283, 284, 290, 291, 292]
[210, 211, 212, 218, 219, 220, 226, 227, 228, 274, 275, 276, 282, 283, 284, 290, 291, 292, 338, 339, 340, 346, 347, 348, 354, 355, 356]
[274, 275, 276, 282, 283, 284, 290, 291, 292, 338, 339, 340, 346, 347, 348, 354, 355, 356, 402, 403, 404, 410, 411, 412, 418, 419, 420]
[338, 339, 340, 346, 347, 348, 354, 355, 356, 402, 403, 404, 410, 411, 412, 418, 419, 420, 466, 467, 468, 474, 475, 476, 482, 483, 484]
[402, 403, 404, 410, 411, 412, 418, 419, 420, 466, 467, 468, 474, 475, 476, 482, 483, 484]
[26, 27, 28, 34, 35, 36, 42, 43, 44, 90, 91, 92, 98, 99, 100, 106, 107, 108]
[26, 27, 28, 34, 35, 36, 42, 43, 44, 90, 91, 92, 98, 99, 100, 106, 107, 108, 154, 155, 156, 162, 163, 164, 170, 171, 172]
[90, 91, 92, 98, 99, 100, 106, 107, 108, 154, 155, 156, 162, 163, 164, 170, 171, 172, 218, 219, 220, 226, 227, 228, 234, 235, 236]
[154, 155, 156, 162, 163, 164, 170, 171, 172, 218, 219, 220, 226, 227, 228, 234, 235, 236, 282, 283, 284, 290, 291, 292, 298, 299, 300]
[218, 219, 220, 226, 227, 228, 234, 235, 236, 282, 283, 284, 290, 291, 292, 298, 299, 300, 346, 347, 348, 354, 355, 356, 362, 363, 364]
[282, 283, 284, 290, 291, 292, 298, 299, 300, 346, 347, 348, 354, 355, 356, 362, 363, 364, 410, 411, 412, 418, 419, 420, 426, 427, 428]
[346, 347, 348, 354, 355, 356, 362, 363, 364, 410, 411, 412, 418, 419, 420, 426, 427, 428, 474, 475, 476, 482, 483, 484, 490, 491, 492]
[410, 411, 412, 418, 419, 420, 426, 427, 428, 474, 475, 476, 482, 483, 484, 490, 491, 492]
[34, 35, 36, 42, 43, 44, 50, 51, 52, 98, 99, 100, 106, 107, 108, 114, 115, 116]
[34, 35, 36, 42, 43, 44, 50, 51, 52, 98, 99, 100, 106, 107, 108, 114, 115, 116, 162, 163, 164, 170, 171, 172, 178, 179, 180]
[98, 99, 100, 106, 107, 108, 114, 115, 116, 162, 163, 164, 170, 171, 172, 178, 179, 180, 226, 227, 228, 234, 235, 236, 242, 243, 244]
[162, 163, 164, 170, 171, 172, 178, 179, 180, 226, 227, 228, 234, 235, 236, 242, 243, 244, 290, 291, 292, 298, 299, 300, 306, 307, 308]
[226, 227, 228, 234, 235, 236, 242, 243, 244, 290, 291, 292, 298, 299, 300, 306, 307, 308, 354, 355, 356, 362, 363, 364, 370, 371, 372]
[290, 291, 292, 298, 299, 300, 306, 307, 308, 354, 355, 356, 362, 363, 364, 370, 371, 372, 418, 419, 420, 426, 427, 428, 434, 435, 436]
[354, 355, 356, 362, 363, 364, 370, 371, 372, 418, 419, 420, 426, 427, 428, 434, 435, 436, 482, 483, 484, 490, 491, 492, 498, 499, 500]
[418, 419, 420, 426, 427, 428, 434, 435, 436, 482, 483, 484, 490, 491, 492, 498, 499, 500]
[42, 43, 44, 50, 51, 52, 58, 59, 60, 106, 107, 108, 114, 115, 116, 122, 123, 124]
[42, 43, 44, 50, 51, 52, 58, 59, 60, 106, 107, 108, 114, 115, 116, 122, 123, 124, 170, 171, 172, 178, 179, 180, 186, 187, 188]
[106, 107, 108, 114, 115, 116, 122, 123, 124, 170, 171, 172, 178, 179, 180, 186, 187, 188, 234, 235, 236, 242, 243, 244, 250, 251, 252]
[170, 171, 172, 178, 179, 180, 186, 187, 188, 234, 235, 236, 242, 243, 244, 250, 251, 252, 298, 299, 300, 306, 307, 308, 314, 315, 316]
[234, 235, 236, 242, 243, 244, 250, 251, 252, 298, 299, 300, 306, 307, 308, 314, 315, 316, 362, 363, 364, 370, 371, 372, 378, 379, 380]
[298, 299, 300, 306, 307, 308, 314, 315, 316, 362, 363, 364, 370, 371, 372, 378, 379, 380, 426, 427, 428, 434, 435, 436, 442, 443, 444]
[362, 363, 364, 370, 371, 372, 378, 379, 380, 426, 427, 428, 434, 435, 436, 442, 443, 444, 490, 491, 492, 498, 499, 500, 506, 507, 508]
[426, 427, 428, 434, 435, 436, 442, 443, 444, 490, 491, 492, 498, 499, 500, 506, 507, 508]
[50, 51, 52, 58, 59, 60, 114, 115, 116, 122, 123, 124]
[50, 51, 52, 58, 59, 60, 114, 115, 116, 122, 123, 124, 178, 179, 180, 186, 187, 188]
[114, 115, 116, 122, 123, 124, 178, 179, 180, 186, 187, 188, 242, 243, 244, 250, 251, 252]
[178, 179, 180, 186, 187, 188, 242, 243, 244, 250, 251, 252, 306, 307, 308, 314, 315, 316]
[242, 243, 244, 250, 251, 252, 306, 307, 308, 314, 315, 316, 370, 371, 372, 378, 379, 380]
[306, 307, 308, 314, 315, 316, 370, 371, 372, 378, 379, 380, 434, 435, 436, 442, 443, 444]
[370, 371, 372, 378, 379, 380, 434, 435, 436, 442, 443, 444, 498, 499, 500, 506, 507, 508]
[434, 435, 436, 442, 443, 444, 498, 499, 500, 506, 507, 508]
[3, 4, 5, 11, 12, 13, 67, 68, 69, 75, 76, 77]
[3, 4, 5, 11, 12, 13, 67, 68, 69, 75, 76, 77, 131, 132, 133, 139, 140, 141]
[67, 68, 69, 75, 76, 77, 131, 132, 133, 139, 140, 141, 195, 196, 197, 203, 204, 205]
[131, 132, 133, 139, 140, 141, 195, 196, 197, 203, 204, 205, 259, 260, 261, 267, 268, 269]
[195, 196, 197, 203, 204, 205, 259, 260, 261, 267, 268, 269, 323, 324, 325, 331, 332, 333]
[259, 260, 261, 267, 268, 269, 323, 324, 325, 331, 332, 333, 387, 388, 389, 395, 396, 397]
[323, 324, 325, 331, 332, 333, 387, 388, 389, 395, 396, 397, 451, 452, 453, 459, 460, 461]
[387, 388, 389, 395, 396, 397, 451, 452, 453, 459, 460, 461]
[3, 4, 5, 11, 12, 13, 19, 20, 21, 67, 68, 69, 75, 76, 77, 83, 84, 85]
[3, 4, 5, 11, 12, 13, 19, 20, 21, 67, 68, 69, 75, 76, 77, 83, 84, 85, 131, 132, 133, 139, 140, 141, 147, 148, 149]
[67, 68, 69, 75, 76, 77, 83, 84, 85, 131, 132, 133, 139, 140, 141, 147, 148, 149, 195, 196, 197, 203, 204, 205, 211, 212, 213]
[131, 132, 133, 139, 140, 141, 147, 148, 149, 195, 196, 197, 203, 204, 205, 211, 212, 213, 259, 260, 261, 267, 268, 269, 275, 276, 277]
[195, 196, 197, 203, 204, 205, 211, 212, 213, 259, 260, 261, 267, 268, 269, 275, 276, 277, 323, 324, 325, 331, 332, 333, 339, 340, 341]
[259, 260, 261, 267, 268, 269, 275, 276, 277, 323, 324, 325, 331, 332, 333, 339, 340, 341, 387, 388, 389, 395, 396, 397, 403, 404, 405]
[323, 324, 325, 331, 332, 333, 339, 340, 341, 387, 388, 389, 395, 396, 397, 403, 404, 405, 451, 452, 453, 459, 460, 461, 467, 468, 469]
[387, 388, 389, 395, 396, 397, 403, 404, 405, 451, 452, 453, 459, 460, 461, 467, 468, 469]
[11, 12, 13, 19, 20, 21, 27, 28, 29, 75, 76, 77, 83, 84, 85, 91, 92, 93]
[11, 12, 13, 19, 20, 21, 27, 28, 29, 75, 76, 77, 83, 84, 85, 91, 92, 93, 139, 140, 141, 147, 148, 149, 155, 156, 157]
[75, 76, 77, 83, 84, 85, 91, 92, 93, 139, 140, 141, 147, 148, 149, 155, 156, 157, 203, 204, 205, 211, 212, 213, 219, 220, 221]
[139, 140, 141, 147, 148, 149, 155, 156, 157, 203, 204, 205, 211, 212, 213, 219, 220, 221, 267, 268, 269, 275, 276, 277, 283, 284, 285]
[203, 204, 205, 211, 212, 213, 219, 220, 221, 267, 268, 269, 275, 276, 277, 283, 284, 285, 331, 332, 333, 339, 340, 341, 347, 348, 349]
[267, 268, 269, 275, 276, 277, 283, 284, 285, 331, 332, 333, 339, 340, 341, 347, 348, 349, 395, 396, 397, 403, 404, 405, 411, 412, 413]
[331, 332, 333, 339, 340, 341, 347, 348, 349, 395, 396, 397, 403, 404, 405, 411, 412, 413, 459, 460, 461, 467, 468, 469, 475, 476, 477]
[395, 396, 397, 403, 404, 405, 411, 412, 413, 459, 460, 461, 467, 468, 469, 475, 476, 477]
[19, 20, 21, 27, 28, 29, 35, 36, 37, 83, 84, 85, 91, 92, 93, 99, 100, 101]
[19, 20, 21, 27, 28, 29, 35, 36, 37, 83, 84, 85, 91, 92, 93, 99, 100, 101, 147, 148, 149, 155, 156, 157, 163, 164, 165]
[83, 84, 85, 91, 92, 93, 99, 100, 101, 147, 148, 149, 155, 156, 157, 163, 164, 165, 211, 212, 213, 219, 220, 221, 227, 228, 229]
[147, 148, 149, 155, 156, 157, 163, 164, 165, 211, 212, 213, 219, 220, 221, 227, 228, 229, 275, 276, 277, 283, 284, 285, 291, 292, 293]
[211, 212, 213, 219, 220, 221, 227, 228, 229, 275, 276, 277, 283, 284, 285, 291, 292, 293, 339, 340, 341, 347, 348, 349, 355, 356, 357]
[275, 276, 277, 283, 284, 285, 291, 292, 293, 339, 340, 341, 347, 348, 349, 355, 356, 357, 403, 404, 405, 411, 412, 413, 419, 420, 421]
[339, 340, 341, 347, 348, 349, 355, 356, 357, 403, 404, 405, 411, 412, 413, 419, 420, 421, 467, 468, 469, 475, 476, 477, 483, 484, 485]
[403, 404, 405, 411, 412, 413, 419, 420, 421, 467, 468, 469, 475, 476, 477, 483, 484, 485]
[27, 28, 29, 35, 36, 37, 43, 44, 45, 91, 92, 93, 99, 100, 101, 107, 108, 109]
[27, 28, 29, 35, 36, 37, 43, 44, 45, 91, 92, 93, 99, 100, 101, 107, 108, 109, 155, 156, 157, 163, 164, 165, 171, 172, 173]
[91, 92, 93, 99, 100, 101, 107, 108, 109, 155, 156, 157, 163, 164, 165, 171, 172, 173, 219, 220, 221, 227, 228, 229, 235, 236, 237]
[155, 156, 157, 163, 164, 165, 171, 172, 173, 219, 220, 221, 227, 228, 229, 235, 236, 237, 283, 284, 285, 291, 292, 293, 299, 300, 301]
[219, 220, 221, 227, 228, 229, 235, 236, 237, 283, 284, 285, 291, 292, 293, 299, 300, 301, 347, 348, 349, 355, 356, 357, 363, 364, 365]
[283, 284, 285, 291, 292, 293, 299, 300, 301, 347, 348, 349, 355, 356, 357, 363, 364, 365, 411, 412, 413, 419, 420, 421, 427, 428, 429]
[347, 348, 349, 355, 356, 357, 363, 364, 365, 411, 412, 413, 419, 420, 421, 427, 428, 429, 475, 476, 477, 483, 484, 485, 491, 492, 493]
[411, 412, 413, 419, 420, 421, 427, 428, 429, 475, 476, 477, 483, 484, 485, 491, 492, 493]
[35, 36, 37, 43, 44, 45, 51, 52, 53, 99, 100, 101, 107, 108, 109, 115, 116, 117]
[35, 36, 37, 43, 44, 45, 51, 52, 53, 99, 100, 101, 107, 108, 109, 115, 116, 117, 163, 164, 165, 171, 172, 173, 179, 180, 181]
[99, 100, 101, 107, 108, 109, 115, 116, 117, 163, 164, 165, 171, 172, 173, 179, 180, 181, 227, 228, 229, 235, 236, 237, 243, 244, 245]
[163, 164, 165, 171, 172, 173, 179, 180, 181, 227, 228, 229, 235, 236, 237, 243, 244, 245, 291, 292, 293, 299, 300, 301, 307, 308, 309]
[227, 228, 229, 235, 236, 237, 243, 244, 245, 291, 292, 293, 299, 300, 301, 307, 308, 309, 355, 356, 357, 363, 364, 365, 371, 372, 373]
[291, 292, 293, 299, 300, 301, 307, 308, 309, 355, 356, 357, 363, 364, 365, 371, 372, 373, 419, 420, 421, 427, 428, 429, 435, 436, 437]
[355, 356, 357, 363, 364, 365, 371, 372, 373, 419, 420, 421, 427, 428, 429, 435, 436, 437, 483, 484, 485, 491, 492, 493, 499, 500, 501]
[419, 420, 421, 427, 428, 429, 435, 436, 437, 483, 484, 485, 491, 492, 493, 499, 500, 501]
[43, 44, 45, 51, 52, 53, 59, 60, 61, 107, 108, 109, 115, 116, 117, 123, 124, 125]
[43, 44, 45, 51, 52, 53, 59, 60, 61, 107, 108, 109, 115, 116, 117, 123, 124, 125, 171, 172, 173, 179, 180, 181, 187, 188, 189]
[107, 108, 109, 115, 116, 117, 123, 124, 125, 171, 172, 173, 179, 180, 181, 187, 188, 189, 235, 236, 237, 243, 244, 245, 251, 252, 253]
[171, 172, 173, 179, 180, 181, 187, 188, 189, 235, 236, 237, 243, 244, 245, 251, 252, 253, 299, 300, 301, 307, 308, 309, 315, 316, 317]
[235, 236, 237, 243, 244, 245, 251, 252, 253, 299, 300, 301, 307, 308, 309, 315, 316, 317, 363, 364, 365, 371, 372, 373, 379, 380, 381]
[299, 300, 301, 307, 308, 309, 315, 316, 317, 363, 364, 365, 371, 372, 373, 379, 380, 381, 427, 428, 429, 435, 436, 437, 443, 444, 445]
[363, 364, 365, 371, 372, 373, 379, 380, 381, 427, 428, 429, 435, 436, 437, 443, 444, 445, 491, 492, 493, 499, 500, 501, 507, 508, 509]
[427, 428, 429, 435, 436, 437, 443, 444, 445, 491, 492, 493, 499, 500, 501, 507, 508, 509]
[51, 52, 53, 59, 60, 61, 115, 116, 117, 123, 124, 125]
[51, 52, 53, 59, 60, 61, 115, 116, 117, 123, 124, 125, 179, 180, 181, 187, 188, 189]
[115, 116, 117, 123, 124, 125, 179, 180, 181, 187, 188, 189, 243, 244, 245, 251, 252, 253]
[179, 180, 181, 187, 188, 189, 243, 244, 245, 251, 252, 253, 307, 308, 309, 315, 316, 317]
[243, 244, 245, 251, 252, 253, 307, 308, 309, 315, 316, 317, 371, 372, 373, 379, 380, 381]
[307, 308, 309, 315, 316, 317, 371, 372, 373, 379, 380, 381, 435, 436, 437, 443, 444, 445]
[371, 372, 373, 379, 380, 381, 435, 436, 437, 443, 444, 445, 499, 500, 501, 507, 508, 509]
[435, 436, 437, 443, 444, 445, 499, 500, 501, 507, 508, 509]
[4, 5, 6, 12, 13, 14, 68, 69, 70, 76, 77, 78]
[4, 5, 6, 12, 13, 14, 68, 69, 70, 76, 77, 78, 132, 133, 134, 140, 141, 142]
[68, 69, 70, 76, 77, 78, 132, 133, 134, 140, 141, 142, 196, 197, 198, 204, 205, 206]
[132, 133, 134, 140, 141, 142, 196, 197, 198, 204, 205, 206, 260, 261, 262, 268, 269, 270]
[196, 197, 198, 204, 205, 206, 260, 261, 262, 268, 269, 270, 324, 325, 326, 332, 333, 334]
[260, 261, 262, 268, 269, 270, 324, 325, 326, 332, 333, 334, 388, 389, 390, 396, 397, 398]
[324, 325, 326, 332, 333, 334, 388, 389, 390, 396, 397, 398, 452, 453, 454, 460, 461, 462]
[388, 389, 390, 396, 397, 398, 452, 453, 454, 460, 461, 462]
[4, 5, 6, 12, 13, 14, 20, 21, 22, 68, 69, 70, 76, 77, 78, 84, 85, 86]
[4, 5, 6, 12, 13, 14, 20, 21, 22, 68, 69, 70, 76, 77, 78, 84, 85, 86, 132, 133, 134, 140, 141, 142, 148, 149, 150]
[68, 69, 70, 76, 77, 78, 84, 85, 86, 132, 133, 134, 140, 141, 142, 148, 149, 150, 196, 197, 198, 204, 205, 206, 212, 213, 214]
[132, 133, 134, 140, 141, 142, 148, 149, 150, 196, 197, 198, 204, 205, 206, 212, 213, 214, 260, 261, 262, 268, 269, 270, 276, 277, 278]
[196, 197, 198, 204, 205, 206, 212, 213, 214, 260, 261, 262, 268, 269, 270, 276, 277, 278, 324, 325, 326, 332, 333, 334, 340, 341, 342]
[260, 261, 262, 268, 269, 270, 276, 277, 278, 324, 325, 326, 332, 333, 334, 340, 341, 342, 388, 389, 390, 396, 397, 398, 404, 405, 406]
[324, 325, 326, 332, 333, 334, 340, 341, 342, 388, 389, 390, 396, 397, 398, 404, 405, 406, 452, 453, 454, 460, 461, 462, 468, 469, 470]
[388, 389, 390, 396, 397, 398, 404, 405, 406, 452, 453, 454, 460, 461, 462, 468, 469, 470]
[12, 13, 14, 20, 21, 22, 28, 29, 30, 76, 77, 78, 84, 85, 86, 92, 93, 94]
[12, 13, 14, 20, 21, 22, 28, 29, 30, 76, 77, 78, 84, 85, 86, 92, 93, 94, 140, 141, 142, 148, 149, 150, 156, 157, 158]
[76, 77, 78, 84, 85, 86, 92, 93, 94, 140, 141, 142, 148, 149, 150, 156, 157, 158, 204, 205, 206, 212, 213, 214, 220, 221, 222]
[140, 141, 142, 148, 149, 150, 156, 157, 158, 204, 205, 206, 212, 213, 214, 220, 221, 222, 268, 269, 270, 276, 277, 278, 284, 285, 286]
[204, 205, 206, 212, 213, 214, 220, 221, 222, 268, 269, 270, 276, 277, 278, 284, 285, 286, 332, 333, 334, 340, 341, 342, 348, 349, 350]
[268, 269, 270, 276, 277, 278, 284, 285, 286, 332, 333, 334, 340, 341, 342, 348, 349, 350, 396, 397, 398, 404, 405, 406, 412, 413, 414]
[332, 333, 334, 340, 341, 342, 348, 349, 350, 396, 397, 398, 404, 405, 406, 412, 413, 414, 460, 461, 462, 468, 469, 470, 476, 477, 478]
[396, 397, 398, 404, 405, 406, 412, 413, 414, 460, 461, 462, 468, 469, 470, 476, 477, 478]
[20, 21, 22, 28, 29, 30, 36, 37, 38, 84, 85, 86, 92, 93, 94, 100, 101, 102]
[20, 21, 22, 28, 29, 30, 36, 37, 38, 84, 85, 86, 92, 93, 94, 100, 101, 102, 148, 149, 150, 156, 157, 158, 164, 165, 166]
[84, 85, 86, 92, 93, 94, 100, 101, 102, 148, 149, 150, 156, 157, 158, 164, 165, 166, 212, 213, 214, 220, 221, 222, 228, 229, 230]
[148, 149, 150, 156, 157, 158, 164, 165, 166, 212, 213, 214, 220, 221, 222, 228, 229, 230, 276, 277, 278, 284, 285, 286, 292, 293, 294]
[212, 213, 214, 220, 221, 222, 228, 229, 230, 276, 277, 278, 284, 285, 286, 292, 293, 294, 340, 341, 342, 348, 349, 350, 356, 357, 358]
[276, 277, 278, 284, 285, 286, 292, 293, 294, 340, 341, 342, 348, 349, 350, 356, 357, 358, 404, 405, 406, 412, 413, 414, 420, 421, 422]
[340, 341, 342, 348, 349, 350, 356, 357, 358, 404, 405, 406, 412, 413, 414, 420, 421, 422, 468, 469, 470, 476, 477, 478, 484, 485, 486]
[404, 405, 406, 412, 413, 414, 420, 421, 422, 468, 469, 470, 476, 477, 478, 484, 485, 486]
[28, 29, 30, 36, 37, 38, 44, 45, 46, 92, 93, 94, 100, 101, 102, 108, 109, 110]
[28, 29, 30, 36, 37, 38, 44, 45, 46, 92, 93, 94, 100, 101, 102, 108, 109, 110, 156, 157, 158, 164, 165, 166, 172, 173, 174]
[92, 93, 94, 100, 101, 102, 108, 109, 110, 156, 157, 158, 164, 165, 166, 172, 173, 174, 220, 221, 222, 228, 229, 230, 236, 237, 238]
[156, 157, 158, 164, 165, 166, 172, 173, 174, 220, 221, 222, 228, 229, 230, 236, 237, 238, 284, 285, 286, 292, 293, 294, 300, 301, 302]
[220, 221, 222, 228, 229, 230, 236, 237, 238, 284, 285, 286, 292, 293, 294, 300, 301, 302, 348, 349, 350, 356, 357, 358, 364, 365, 366]
[284, 285, 286, 292, 293, 294, 300, 301, 302, 348, 349, 350, 356, 357, 358, 364, 365, 366, 412, 413, 414, 420, 421, 422, 428, 429, 430]
[348, 349, 350, 356, 357, 358, 364, 365, 366, 412, 413, 414, 420, 421, 422, 428, 429, 430, 476, 477, 478, 484, 485, 486, 492, 493, 494]
[412, 413, 414, 420, 421, 422, 428, 429, 430, 476, 477, 478, 484, 485, 486, 492, 493, 494]
[36, 37, 38, 44, 45, 46, 52, 53, 54, 100, 101, 102, 108, 109, 110, 116, 117, 118]
[36, 37, 38, 44, 45, 46, 52, 53, 54, 100, 101, 102, 108, 109, 110, 116, 117, 118, 164, 165, 166, 172, 173, 174, 180, 181, 182]
[100, 101, 102, 108, 109, 110, 116, 117, 118, 164, 165, 166, 172, 173, 174, 180, 181, 182, 228, 229, 230, 236, 237, 238, 244, 245, 246]
[164, 165, 166, 172, 173, 174, 180, 181, 182, 228, 229, 230, 236, 237, 238, 244, 245, 246, 292, 293, 294, 300, 301, 302, 308, 309, 310]
[228, 229, 230, 236, 237, 238, 244, 245, 246, 292, 293, 294, 300, 301, 302, 308, 309, 310, 356, 357, 358, 364, 365, 366, 372, 373, 374]
[292, 293, 294, 300, 301, 302, 308, 309, 310, 356, 357, 358, 364, 365, 366, 372, 373, 374, 420, 421, 422, 428, 429, 430, 436, 437, 438]
[356, 357, 358, 364, 365, 366, 372, 373, 374, 420, 421, 422, 428, 429, 430, 436, 437, 438, 484, 485, 486, 492, 493, 494, 500, 501, 502]
[420, 421, 422, 428, 429, 430, 436, 437, 438, 484, 485, 486, 492, 493, 494, 500, 501, 502]
[44, 45, 46, 52, 53, 54, 60, 61, 62, 108, 109, 110, 116, 117, 118, 124, 125, 126]
[44, 45, 46, 52, 53, 54, 60, 61, 62, 108, 109, 110, 116, 117, 118, 124, 125, 126, 172, 173, 174, 180, 181, 182, 188, 189, 190]
[108, 109, 110, 116, 117, 118, 124, 125, 126, 172, 173, 174, 180, 181, 182, 188, 189, 190, 236, 237, 238, 244, 245, 246, 252, 253, 254]
[172, 173, 174, 180, 181, 182, 188, 189, 190, 236, 237, 238, 244, 245, 246, 252, 253, 254, 300, 301, 302, 308, 309, 310, 316, 317, 318]
[236, 237, 238, 244, 245, 246, 252, 253, 254, 300, 301, 302, 308, 309, 310, 316, 317, 318, 364, 365, 366, 372, 373, 374, 380, 381, 382]
[300, 301, 302, 308, 309, 310, 316, 317, 318, 364, 365, 366, 372, 373, 374, 380, 381, 382, 428, 429, 430, 436, 437, 438, 444, 445, 446]
[364, 365, 366, 372, 373, 374, 380, 381, 382, 428, 429, 430, 436, 437, 438, 444, 445, 446, 492, 493, 494, 500, 501, 502, 508, 509, 510]
[428, 429, 430, 436, 437, 438, 444, 445, 446, 492, 493, 494, 500, 501, 502, 508, 509, 510]
[52, 53, 54, 60, 61, 62, 116, 117, 118, 124, 125, 126]
[52, 53, 54, 60, 61, 62, 116, 117, 118, 124, 125, 126, 180, 181, 182, 188, 189, 190]
[116, 117, 118, 124, 125, 126, 180, 181, 182, 188, 189, 190, 244, 245, 246, 252, 253, 254]
[180, 181, 182, 188, 189, 190, 244, 245, 246, 252, 253, 254, 308, 309, 310, 316, 317, 318]
[244, 245, 246, 252, 253, 254, 308, 309, 310, 316, 317, 318, 372, 373, 374, 380, 381, 382]
[308, 309, 310, 316, 317, 318, 372, 373, 374, 380, 381, 382, 436, 437, 438, 444, 445, 446]
[372, 373, 374, 380, 381, 382, 436, 437, 438, 444, 445, 446, 500, 501, 502, 508, 509, 510]
[436, 437, 438, 444, 445, 446, 500, 501, 502, 508, 509, 510]
[5, 6, 7, 13, 14, 15, 69, 70, 71, 77, 78, 79]
[5, 6, 7, 13, 14, 15, 69, 70, 71, 77, 78, 79, 133, 134, 135, 141, 142, 143]
[69, 70, 71, 77, 78, 79, 133, 134, 135, 141, 142, 143, 197, 198, 199, 205, 206, 207]
[133, 134, 135, 141, 142, 143, 197, 198, 199, 205, 206, 207, 261, 262, 263, 269, 270, 271]
[197, 198, 199, 205, 206, 207, 261, 262, 263, 269, 270, 271, 325, 326, 327, 333, 334, 335]
[261, 262, 263, 269, 270, 271, 325, 326, 327, 333, 334, 335, 389, 390, 391, 397, 398, 399]
[325, 326, 327, 333, 334, 335, 389, 390, 391, 397, 398, 399, 453, 454, 455, 461, 462, 463]
[389, 390, 391, 397, 398, 399, 453, 454, 455, 461, 462, 463]
[5, 6, 7, 13, 14, 15, 21, 22, 23, 69, 70, 71, 77, 78, 79, 85, 86, 87]
[5, 6, 7, 13, 14, 15, 21, 22, 23, 69, 70, 71, 77, 78, 79, 85, 86, 87, 133, 134, 135, 141, 142, 143, 149, 150, 151]
[69, 70, 71, 77, 78, 79, 85, 86, 87, 133, 134, 135, 141, 142, 143, 149, 150, 151, 197, 198, 199, 205, 206, 207, 213, 214, 215]
[133, 134, 135, 141, 142, 143, 149, 150, 151, 197, 198, 199, 205, 206, 207, 213, 214, 215, 261, 262, 263, 269, 270, 271, 277, 278, 279]
[197, 198, 199, 205, 206, 207, 213, 214, 215, 261, 262, 263, 269, 270, 271, 277, 278, 279, 325, 326, 327, 333, 334, 335, 341, 342, 343]
[261, 262, 263, 269, 270, 271, 277, 278, 279, 325, 326, 327, 333, 334, 335, 341, 342, 343, 389, 390, 391, 397, 398, 399, 405, 406, 407]
[325, 326, 327, 333, 334, 335, 341, 342, 343, 389, 390, 391, 397, 398, 399, 405, 406, 407, 453, 454, 455, 461, 462, 463, 469, 470, 471]
[389, 390, 391, 397, 398, 399, 405, 406, 407, 453, 454, 455, 461, 462, 463, 469, 470, 471]
[13, 14, 15, 21, 22, 23, 29, 30, 31, 77, 78, 79, 85, 86, 87, 93, 94, 95]
[13, 14, 15, 21, 22, 23, 29, 30, 31, 77, 78, 79, 85, 86, 87, 93, 94, 95, 141, 142, 143, 149, 150, 151, 157, 158, 159]
[77, 78, 79, 85, 86, 87, 93, 94, 95, 141, 142, 143, 149, 150, 151, 157, 158, 159, 205, 206, 207, 213, 214, 215, 221, 222, 223]
[141, 142, 143, 149, 150, 151, 157, 158, 159, 205, 206, 207, 213, 214, 215, 221, 222, 223, 269, 270, 271, 277, 278, 279, 285, 286, 287]
[205, 206, 207, 213, 214, 215, 221, 222, 223, 269, 270, 271, 277, 278, 279, 285, 286, 287, 333, 334, 335, 341, 342, 343, 349, 350, 351]
[269, 270, 271, 277, 278, 279, 285, 286, 287, 333, 334, 335, 341, 342, 343, 349, 350, 351, 397, 398, 399, 405, 406, 407, 413, 414, 415]
[333, 334, 335, 341, 342, 343, 349, 350, 351, 397, 398, 399, 405, 406, 407, 413, 414, 415, 461, 462, 463, 469, 470, 471, 477, 478, 479]
[397, 398, 399, 405, 406, 407, 413, 414, 415, 461, 462, 463, 469, 470, 471, 477, 478, 479]
[21, 22, 23, 29, 30, 31, 37, 38, 39, 85, 86, 87, 93, 94, 95, 101, 102, 103]
[21, 22, 23, 29, 30, 31, 37, 38, 39, 85, 86, 87, 93, 94, 95, 101, 102, 103, 149, 150, 151, 157, 158, 159, 165, 166, 167]
[85, 86, 87, 93, 94, 95, 101, 102, 103, 149, 150, 151, 157, 158, 159, 165, 166, 167, 213, 214, 215, 221, 222, 223, 229, 230, 231]
[149, 150, 151, 157, 158, 159, 165, 166, 167, 213, 214, 215, 221, 222, 223, 229, 230, 231, 277, 278, 279, 285, 286, 287, 293, 294, 295]
[213, 214, 215, 221, 222, 223, 229, 230, 231, 277, 278, 279, 285, 286, 287, 293, 294, 295, 341, 342, 343, 349, 350, 351, 357, 358, 359]
[277, 278, 279, 285, 286, 287, 293, 294, 295, 341, 342, 343, 349, 350, 351, 357, 358, 359, 405, 406, 407, 413, 414, 415, 421, 422, 423]
[341, 342, 343, 349, 350, 351, 357, 358, 359, 405, 406, 407, 413, 414, 415, 421, 422, 423, 469, 470, 471, 477, 478, 479, 485, 486, 487]
[405, 406, 407, 413, 414, 415, 421, 422, 423, 469, 470, 471, 477, 478, 479, 485, 486, 487]
[29, 30, 31, 37, 38, 39, 45, 46, 47, 93, 94, 95, 101, 102, 103, 109, 110, 111]
[29, 30, 31, 37, 38, 39, 45, 46, 47, 93, 94, 95, 101, 102, 103, 109, 110, 111, 157, 158, 159, 165, 166, 167, 173, 174, 175]
[93, 94, 95, 101, 102, 103, 109, 110, 111, 157, 158, 159, 165, 166, 167, 173, 174, 175, 221, 222, 223, 229, 230, 231, 237, 238, 239]
[157, 158, 159, 165, 166, 167, 173, 174, 175, 221, 222, 223, 229, 230, 231, 237, 238, 239, 285, 286, 287, 293, 294, 295, 301, 302, 303]
[221, 222, 223, 229, 230, 231, 237, 238, 239, 285, 286, 287, 293, 294, 295, 301, 302, 303, 349, 350, 351, 357, 358, 359, 365, 366, 367]
[285, 286, 287, 293, 294, 295, 301, 302, 303, 349, 350, 351, 357, 358, 359, 365, 366, 367, 413, 414, 415, 421, 422, 423, 429, 430, 431]
[349, 350, 351, 357, 358, 359, 365, 366, 367, 413, 414, 415, 421, 422, 423, 429, 430, 431, 477, 478, 479, 485, 486, 487, 493, 494, 495]
[413, 414, 415, 421, 422, 423, 429, 430, 431, 477, 478, 479, 485, 486, 487, 493, 494, 495]
[37, 38, 39, 45, 46, 47, 53, 54, 55, 101, 102, 103, 109, 110, 111, 117, 118, 119]
[37, 38, 39, 45, 46, 47, 53, 54, 55, 101, 102, 103, 109, 110, 111, 117, 118, 119, 165, 166, 167, 173, 174, 175, 181, 182, 183]
[101, 102, 103, 109, 110, 111, 117, 118, 119, 165, 166, 167, 173, 174, 175, 181, 182, 183, 229, 230, 231, 237, 238, 239, 245, 246, 247]
[165, 166, 167, 173, 174, 175, 181, 182, 183, 229, 230, 231, 237, 238, 239, 245, 246, 247, 293, 294, 295, 301, 302, 303, 309, 310, 311]
[229, 230, 231, 237, 238, 239, 245, 246, 247, 293, 294, 295, 301, 302, 303, 309, 310, 311, 357, 358, 359, 365, 366, 367, 373, 374, 375]
[293, 294, 295, 301, 302, 303, 309, 310, 311, 357, 358, 359, 365, 366, 367, 373, 374, 375, 421, 422, 423, 429, 430, 431, 437, 438, 439]
[357, 358, 359, 365, 366, 367, 373, 374, 375, 421, 422, 423, 429, 430, 431, 437, 438, 439, 485, 486, 487, 493, 494, 495, 501, 502, 503]
[421, 422, 423, 429, 430, 431, 437, 438, 439, 485, 486, 487, 493, 494, 495, 501, 502, 503]
[45, 46, 47, 53, 54, 55, 61, 62, 63, 109, 110, 111, 117, 118, 119, 125, 126, 127]
[45, 46, 47, 53, 54, 55, 61, 62, 63, 109, 110, 111, 117, 118, 119, 125, 126, 127, 173, 174, 175, 181, 182, 183, 189, 190, 191]
[109, 110, 111, 117, 118, 119, 125, 126, 127, 173, 174, 175, 181, 182, 183, 189, 190, 191, 237, 238, 239, 245, 246, 247, 253, 254, 255]
[173, 174, 175, 181, 182, 183, 189, 190, 191, 237, 238, 239, 245, 246, 247, 253, 254, 255, 301, 302, 303, 309, 310, 311, 317, 318, 319]
[237, 238, 239, 245, 246, 247, 253, 254, 255, 301, 302, 303, 309, 310, 311, 317, 318, 319, 365, 366, 367, 373, 374, 375, 381, 382, 383]
[301, 302, 303, 309, 310, 311, 317, 318, 319, 365, 366, 367, 373, 374, 375, 381, 382, 383, 429, 430, 431, 437, 438, 439, 445, 446, 447]
[365, 366, 367, 373, 374, 375, 381, 382, 383, 429, 430, 431, 437, 438, 439, 445, 446, 447, 493, 494, 495, 501, 502, 503, 509, 510, 511]
[429, 430, 431, 437, 438, 439, 445, 446, 447, 493, 494, 495, 501, 502, 503, 509, 510, 511]
[53, 54, 55, 61, 62, 63, 117, 118, 119, 125, 126, 127]
[53, 54, 55, 61, 62, 63, 117, 118, 119, 125, 126, 127, 181, 182, 183, 189, 190, 191]
[117, 118, 119, 125, 126, 127, 181, 182, 183, 189, 190, 191, 245, 246, 247, 253, 254, 255]
[181, 182, 183, 189, 190, 191, 245, 246, 247, 253, 254, 255, 309, 310, 311, 317, 318, 319]
[245, 246, 247, 253, 254, 255, 309, 310, 311, 317, 318, 319, 373, 374, 375, 381, 382, 383]
[309, 310, 311, 317, 318, 319, 373, 374, 375, 381, 382, 383, 437, 438, 439, 445, 446, 447]
[373, 374, 375, 381, 382, 383, 437, 438, 439, 445, 446, 447, 501, 502, 503, 509, 510, 511]
[437, 438, 439, 445, 446, 447, 501, 502, 503, 509, 510, 511]
[6, 7, 14, 15, 70, 71, 78, 79]
[6, 7, 14, 15, 70, 71, 78, 79, 134, 135, 142, 143]
[70, 71, 78, 79, 134, 135, 142, 143, 198, 199, 206, 207]
[134, 135, 142, 143, 198, 199, 206, 207, 262, 263, 270, 271]
[198, 199, 206, 207, 262, 263, 270, 271, 326, 327, 334, 335]
[262, 263, 270, 271, 326, 327, 334, 335, 390, 391, 398, 399]
[326, 327, 334, 335, 390, 391, 398, 399, 454, 455, 462, 463]
[390, 391, 398, 399, 454, 455, 462, 463]
[6, 7, 14, 15, 22, 23, 70, 71, 78, 79, 86, 87]
[6, 7, 14, 15, 22, 23, 70, 71, 78, 79, 86, 87, 134, 135, 142, 143, 150, 151]
[70, 71, 78, 79, 86, 87, 134, 135, 142, 143, 150, 151, 198, 199, 206, 207, 214, 215]
[134, 135, 142, 143, 150, 151, 198, 199, 206, 207, 214, 215, 262, 263, 270, 271, 278, 279]
[198, 199, 206, 207, 214, 215, 262, 263, 270, 271, 278, 279, 326, 327, 334, 335, 342, 343]
[262, 263, 270, 271, 278, 279, 326, 327, 334, 335, 342, 343, 390, 391, 398, 399, 406, 407]
[326, 327, 334, 335, 342, 343, 390, 391, 398, 399, 406, 407, 454, 455, 462, 463, 470, 471]
[390, 391, 398, 399, 406, 407, 454, 455, 462, 463, 470, 471]
[14, 15, 22, 23, 30, 31, 78, 79, 86, 87, 94, 95]
[14, 15, 22, 23, 30, 31, 78, 79, 86, 87, 94, 95, 142, 143, 150, 151, 158, 159]
[78, 79, 86, 87, 94, 95, 142, 143, 150, 151, 158, 159, 206, 207, 214, 215, 222, 223]
[142, 143, 150, 151, 158, 159, 206, 207, 214, 215, 222, 223, 270, 271, 278, 279, 286, 287]
[206, 207, 214, 215, 222, 223, 270, 271, 278, 279, 286, 287, 334, 335, 342, 343, 350, 351]
[270, 271, 278, 279, 286, 287, 334, 335, 342, 343, 350, 351, 398, 399, 406, 407, 414, 415]
[334, 335, 342, 343, 350, 351, 398, 399, 406, 407, 414, 415, 462, 463, 470, 471, 478, 479]
[398, 399, 406, 407, 414, 415, 462, 463, 470, 471, 478, 479]
[22, 23, 30, 31, 38, 39, 86, 87, 94, 95, 102, 103]
[22, 23, 30, 31, 38, 39, 86, 87, 94, 95, 102, 103, 150, 151, 158, 159, 166, 167]
[86, 87, 94, 95, 102, 103, 150, 151, 158, 159, 166, 167, 214, 215, 222, 223, 230, 231]
[150, 151, 158, 159, 166, 167, 214, 215, 222, 223, 230, 231, 278, 279, 286, 287, 294, 295]
[214, 215, 222, 223, 230, 231, 278, 279, 286, 287, 294, 295, 342, 343, 350, 351, 358, 359]
[278, 279, 286, 287, 294, 295, 342, 343, 350, 351, 358, 359, 406, 407, 414, 415, 422, 423]
[342, 343, 350, 351, 358, 359, 406, 407, 414, 415, 422, 423, 470, 471, 478, 479, 486, 487]
[406, 407, 414, 415, 422, 423, 470, 471, 478, 479, 486, 487]
[30, 31, 38, 39, 46, 47, 94, 95, 102, 103, 110, 111]
[30, 31, 38, 39, 46, 47, 94, 95, 102, 103, 110, 111, 158, 159, 166, 167, 174, 175]
[94, 95, 102, 103, 110, 111, 158, 159, 166, 167, 174, 175, 222, 223, 230, 231, 238, 239]
[158, 159, 166, 167, 174, 175, 222, 223, 230, 231, 238, 239, 286, 287, 294, 295, 302, 303]
[222, 223, 230, 231, 238, 239, 286, 287, 294, 295, 302, 303, 350, 351, 358, 359, 366, 367]
[286, 287, 294, 295, 302, 303, 350, 351, 358, 359, 366, 367, 414, 415, 422, 423, 430, 431]
[350, 351, 358, 359, 366, 367, 414, 415, 422, 423, 430, 431, 478, 479, 486, 487, 494, 495]
[414, 415, 422, 423, 430, 431, 478, 479, 486, 487, 494, 495]
[38, 39, 46, 47, 54, 55, 102, 103, 110, 111, 118, 119]
[38, 39, 46, 47, 54, 55, 102, 103, 110, 111, 118, 119, 166, 167, 174, 175, 182, 183]
[102, 103, 110, 111, 118, 119, 166, 167, 174, 175, 182, 183, 230, 231, 238, 239, 246, 247]
[166, 167, 174, 175, 182, 183, 230, 231, 238, 239, 246, 247, 294, 295, 302, 303, 310, 311]
[230, 231, 238, 239, 246, 247, 294, 295, 302, 303, 310, 311, 358, 359, 366, 367, 374, 375]
[294, 295, 302, 303, 310, 311, 358, 359, 366, 367, 374, 375, 422, 423, 430, 431, 438, 439]
[358, 359, 366, 367, 374, 375, 422, 423, 430, 431, 438, 439, 486, 487, 494, 495, 502, 503]
[422, 423, 430, 431, 438, 439, 486, 487, 494, 495, 502, 503]
[46, 47, 54, 55, 62, 63, 110, 111, 118, 119, 126, 127]
[46, 47, 54, 55, 62, 63, 110, 111, 118, 119, 126, 127, 174, 175, 182, 183, 190, 191]
[110, 111, 118, 119, 126, 127, 174, 175, 182, 183, 190, 191, 238, 239, 246, 247, 254, 255]
[174, 175, 182, 183, 190, 191, 238, 239, 246, 247, 254, 255, 302, 303, 310, 311, 318, 319]
[238, 239, 246, 247, 254, 255, 302, 303, 310, 311, 318, 319, 366, 367, 374, 375, 382, 383]
[302, 303, 310, 311, 318, 319, 366, 367, 374, 375, 382, 383, 430, 431, 438, 439, 446, 447]
[366, 367, 374, 375, 382, 383, 430, 431, 438, 439, 446, 447, 494, 495, 502, 503, 510, 511]
[430, 431, 438, 439, 446, 447, 494, 495, 502, 503, 510, 511]
[54, 55, 62, 63, 118, 119, 126, 127]
[54, 55, 62, 63, 118, 119, 126, 127, 182, 183, 190, 191]
[118, 119, 126, 127, 182, 183, 190, 191, 246, 247, 254, 255]
[182, 183, 190, 191, 246, 247, 254, 255, 310, 311, 318, 319]
[246, 247, 254, 255, 310, 311, 318, 319, 374, 375, 382, 383]
[310, 311, 318, 319, 374, 375, 382, 383, 438, 439, 446, 447]
[374, 375, 382, 383, 438, 439, 446, 447, 502, 503, 510, 511]
[438, 439, 446, 447, 502, 503, 510, 511]
