36.868483307244489
18.500057156896240
29.882317021434346
29.705155103795782
33.679875586964137
14.840456609539903
19.162790759076735
30.316291527504234
17.483099850119604
25.264718701720572
23.201965541207212
26.099861701531267
19.402708026302371
22.826819852845198
33.877394219337674
38.166353524274356
24.975013310543730
18.087421509477970
3.598031542542410
15.689250521217124
-0.329024070095746
6.204480941968258
3.146781740778493
20.975004061113577
4.163763303851599
11.577018923860509
4.209668187987831
2.844124225826992
27.246923728029678
5.302570226277492
11.248602550126897
28.574744105141026
24.552320737183244
7.748292265342689
17.661375879618049
15.708085264874668
13.700738001475449
26.048373179998425
6.528282817233482
19.801074817218378
14.563806527091106
22.219569092718686
12.700787764368945
24.921412532181201
8.266968437129155
8.066725594022655
18.198081684391052
30.225071493641039
10.048536662500604
25.796113229727410
14.864112196426886
3.825123026419953
5.000594173558342
17.010893937671035
22.800127100572045
9.164357479738243
1.587912852218337
0.009795279246659
11.008481707427865
0.834836569537799
5.312365507852457
24.257084260814395
21.251767975861089
29.790729311197413
15.830743845939049
14.913143845234606
10.743927461441576
21.706114532289153
14.961517015454126
19.272210281469018
15.507189351370187
2.525323544407882
12.491779363011835
25.207977117601775
24.446736077054762
18.758747813179511
6.274702700914206
17.644817752132564
14.933609475350751
17.673021011833569
26.662723970908075
3.797721660601777
11.253972836422722
23.441525160074953
22.808615601532445
10.054099928612864
7.605882629102970
25.396528468651933
9.063895208325187
16.614364338393486
23.231365038189747
14.376260731078807
16.871448590360327
21.483133006134597
10.412102928577038
33.448075177356628
19.220840355484203
21.156030403522784
18.582939654860155
24.357793870548615
14.428240674747261
7.090128995985781
25.883117415422173
24.920020051728955
4.298106101480358
24.329853495736543
16.678767853732591
10.572808817295735
15.974671237624566
5.612377318838782
19.001658627764154
15.865317519225790
20.636739553248852
5.255631453942336
5.857127360933052
8.218714586560948
17.309731398387679
12.463009992364331
4.615243043571357
24.373626608575528
3.077374320047616
4.846608085952042
13.749887328478454
20.948822924377776
26.329741093017976
24.161990271490996
16.825648033444597
18.413871880813439
30.319353727306872
10.408587678525880
9.083811808882192
6.746261329737609
17.498716676374297
7.966929213594152
3.666281369359358
19.796822791824500
4.296782698620473
24.345049227748557
6.369631598875686
21.271453949283554
1.957426546587344
25.371290228036823
-0.312943851720982
22.266910115846859
15.331628293884741
7.544183524113233
22.586240131680970
19.936653071519284
19.007193518340209
26.201483190153478
17.310279681026138
20.084567850960688
3.048091264464010
5.060166999725705
16.033390765559584
4.377832346306111
3.222157260506487
6.859038789225297
12.103850295815541
31.268004305319863
25.839865273721447
21.187662106560389
1.286439257807306
3.766343145988113
27.154591321085842
4.952720629494976
23.563165938278257
2.451374018775003
27.297769869816385
1.932797525978090
24.722827971318196
3.255196406624835
1.304087745167362
26.409884122856838
15.622721951744854
13.644169157205226
13.825544826139481
11.208962073181274
25.867662504719423
22.961261168569919
10.410445253555874
14.177942175500995
15.045829008354731
10.458536517088552
17.238109187799555
1.079219761807108
12.836368878295810
19.460266450168675
6.938258553360707
26.940219177370992
15.000444380101026
32.810473724180120
29.491835189280952
17.286883640236631
1.972228185726434
20.282472584062468
22.239604272991230
24.535394126333017
22.733846605165787
21.537374131631751
25.468191667212267
19.456674565308113
22.792570539187910
25.772279412845279
16.866558689561941
14.415292482085198
3.703288834403867
31.103777833796943
33.686766390542836
2.570951340054612
18.781887486475465
7.034699812547627
17.748893518815230
5.827716483188663
18.493236344537333
7.987002695904579
7.906936248721061
5.329605213054275
0.447269148401573
16.845194816051599
5.269824378783733
17.447713530830910
13.051079843217083
34.960692062955687
17.080868225116692
15.023308030340500
20.680178229082447
2.974201423569679
13.558702159467478
15.414024833782586
26.511575569636932
13.026893815969535
9.870699391174458
22.304146099045937
10.799173218104597
0.737258070026185
9.719438582062461
16.502462067409628
21.557884412611784
14.654014033569954
33.375422586396070
22.118583947475340
22.629813924725081
17.671976946607217
29.266715327401982
13.683344108836415
26.612743680185055
10.583098324287263
20.325582714437310
26.725512918888363
26.400837045815230
26.429767225137798
18.149548873840615
12.963077118603078
24.421632550387478
31.503635008122600
26.857912703816737
6.905441936527118
19.088007079012701
4.283187092879408
24.396843700388846
18.009073311001551
17.710483106649711
5.920826322362213
13.709569544396166
2.135636908996682
7.401091753226282
23.053647915392016
18.436411612404701
1.613687609142484
1.852882521624155
17.108318181758897
13.714261108876336
0.611832425283190
3.877297277970842
-7.277411330154819
5.777526348260017
-7.013446682604700
-5.811453956091517
-10.326732921100565
11.813056284009033
-14.063329283177534
8.852806438623379
-5.736509450588612
-8.759535982627208
-2.921002092734453
9.954692472682657
22.088781401090682
19.826458373491860
5.813207309606118
-9.337587819126242
6.370375305586667
-3.474511662253414
6.826166100719079
10.305304716017705
9.560595187153947
9.243005645108870
-6.926670633222287
10.258813873519562
2.415474150988961
-4.996966385281167
9.508060727970699
8.568527380269270
21.322440349647039
12.795490330455587
2.445824647529902
-8.461478000255983
-5.102580503608371
8.432377980757684
-2.272931954950529
-3.429313423311947
8.245434256384822
-1.336261232540130
-6.576506991207836
-9.491075189547182
4.904202801130802
5.502490931424543
-11.536382726643414
0.233695969094377
11.695842500168753
21.201226166543183
5.896108151830779
-8.450262796809087
-6.197687072305794
-0.277725755832027
-11.144958090104614
-10.637091895862063
-4.034720120036383
-6.071628720532926
10.621721993955655
10.380754033280889
3.931404896979865
8.129782711216148
5.949281402839940
-2.252661787091127
8.486368902254087
8.493883141546457
2.285860214981181
1.147095356670723
-7.172515972597759
-9.987071746954262
-12.282218061053298
-10.927081725991837
3.676667036803751
-4.858725049932824
-8.418156912745046
-7.419130173241314
-12.356234127355851
-2.954539622158994
9.814565800509682
0.823127783752577
6.819431133484203
16.753305479769271
6.372864989737452
0.124597885703943
-8.567051807216854
11.227906904289455
3.487506006605702
-0.601771925856261
-8.843721825556699
1.109227989385475
-2.221017888850076
8.087683073285815
-3.760989307780285
-8.271736494857690
-7.164978723118538
3.488686565071664
15.769999570571819
27.065103086673243
-4.364218086173864
11.950853594555916
-8.866190245312726
-0.646436142104877
-12.976228126779306
6.810476794284991
6.494838823794780
-5.394385036264727
-9.608653386406905
10.138604698767233
5.651075343904582
-13.794087596607437
-3.038267526793415
10.973360313555853
18.490559479450134
8.144767627187436
1.097958190877902
12.349534560623361
-9.437495649995981
-8.414535812295290
-2.252237375011775
-6.281217474155695
3.694692179884149
9.526744739397778
-7.193534407854798
-10.066297125102158
-11.744991754062934
-2.358513117469157
6.422389442763473
3.378377812159421
11.378000779253425
6.081400279459261
4.329231410440628
3.896178141187961
1.411735220538328
4.353003285523972
-4.293345061733084
-5.093425965911443
10.958618251587554
2.098001555585299
-6.954821275991771
4.609693597820437
1.303913972482047
3.006911211650306
3.583053903460059
-6.779499671784924
23.831193364612375
4.129639979512266
-9.429965121871779
11.904013033911591
-8.733523714697698
0.317797504513430
-8.377204450488650
8.961168466583429
-5.155457755157467
-1.570738843442286
10.894871343343922
-3.900449506426448
8.070748041882529
4.317260778191159
-11.522071702183263
-6.166883583258312
21.492655510312247
17.570675470666348
9.729294560723611
-3.212832647474870
-5.839837013203580
-6.564050508925719
2.693741389873320
-9.881218759753381
4.533951058766784
7.738920114812872
3.728474838998386
-11.162134979461381
-5.254168683781372
-7.688471267320438
-1.941634646589696
-7.912660009652680
11.194458264016765
15.070804804130830
-9.008646985519983
3.259017109060205
-13.053802270932968
-3.385851430886352
-3.779814421562393
-5.209260022830801
6.043409727534005
-6.884943087066036
2.890290473071071
-0.885842241293677
9.432317705094956
3.368218786720291
8.947274180570274
4.807749838944410
8.060626070974685
18.641528797168998
-12.405082818775005
3.335541492018638
10.112518237956106
4.288658574357937
3.454322732730923
0.646469286944007
-2.972421320608076
-3.817202435255611
5.484334312139246
6.773410011908695
4.494326300217916
-10.457300345160666
-12.139250006125891
-12.513132888131370
18.379222865393025
5.648011958528315
3.745884236295649
7.117297639659276
1.466251583521372
-14.033930195976948
-15.091962397607025
-4.490338686616320
-4.918873278852027
5.798328095953126
9.623819076746619
-9.486555583535948
-3.833453127571126
4.571093259179536
10.321194259133744
2.341925364146907
6.960067690331519
32.851438090136007
5.204095894100189
5.039321935288296
14.127294743958531
22.747210088068254
17.603580269777957
25.524184927588411
6.644555056767798
11.651150248782310
18.269719480662481
22.343269351098346
14.729104142975585
19.064655057184702
23.886171057301652
4.208075225450134
33.030914338785657
23.571587833842077
24.965512634238941
13.891770375376458
15.512538735062126
25.480580169465654
20.244812459333250
21.059478251756858
14.174594402860196
16.604720907567412
24.833152368587061
25.340547708021742
8.735666354529402
24.275494056416441
14.893646463236600
16.167199058070398
28.434225485396670
20.659030014955917
7.497279163681569
-5.955618545392347
3.346175397441804
-0.496071319792449
-10.723269854077728
6.660762547823026
6.994912521445620
9.282488854267864
2.469675977933072
-1.971403987133596
2.148997547174335
2.765456539469517
2.233379400909582
-1.132390744114477
1.770657519703109
15.841953778100182
-11.947527449553611
5.814855929843548
0.785579064761085
8.746997160253583
-1.096282743893702
-11.185974217572230
-1.934659163902820
0.506023005818031
-11.990980620491777
9.954777778105241
-2.570476996512382
3.545938343529557
-2.908123294780091
-11.730865551033460
9.424039686296151
5.634402715430784
-2.686484082455975
-12.893500443964031
6.093084554696961
1.590246067191594
7.767262107118631
2.087997067295016
-2.127265073883930
-0.763061921467561
14.116593085749344
-10.978267534160178
-10.997605379204087
3.349972488521577
1.889341737092160
-8.190484052147012
5.533718222069417
15.448143625374948
11.624371891666378
6.691011974444152
-0.311188559192783
-2.471910861074889
8.505037760131543
11.754152292271222
12.034112148934096
10.514057143830714
8.708930062925869
-2.536364855960176
3.059995478512708
-7.199193230457226
-1.267230393023806
12.820319650611054
13.706648744506127
21.472965390641690
10.926819208044003
-9.516952811981064
-1.363468413410455
6.694081306780722
5.571044271146437
10.509266515499572
-7.068980623534403
7.687637348048219
12.530998996706202
-3.066585998081874
-1.962390171812095
2.420340725882133
0.742929964206613
2.943042738802287
4.939872469725030
11.004616059365032
-5.365945296998111
4.050966449105630
11.895390991072816
-7.860907544782809
0.805118732063622
7.929503128365390
-12.346850411662299
-2.485951202682191
-7.606861737839348
5.713145083614226
3.314855570585860
6.125907874259121
2.533464723049411
-13.295181796557827
13.555544548926665
14.097672214311398
-8.812134604347930
-13.191275018822061
-3.845634777958336
-12.241090340186423
10.317991500868461
2.085384601766892
5.446547022297301
11.848990489192770
12.018798617654845
-6.515843158362361
-0.730668796100966
-0.238271426520446
7.427199595341082
1.631486210800469
24.802004000545473
3.877720908670552
-6.317547336368611
11.024421404127221
-1.799653238523592
13.487571400817288
6.953924523645048
-1.146503647857568
-7.998379813040781
13.347062789996651
-9.433358574953560
11.316475759873391
2.472970663790118
5.100106150889817
11.021293967040849
-9.354835954194350
7.063230094994991
5.409866383024429
-7.546110969291119
4.714755289123750
-7.031930970974229
-7.228119464697372
-7.199860106781060
13.414616054582691
-12.379128985749151
-6.181061496111129
-9.101227102848343
-0.109797769277262
2.580667075505802
9.325972493889733
-11.478311565927379
3.709697490888506
3.312266228865959
10.359827089756656
-0.265881116160134
-0.412426462589030
-3.308287496356422
-4.311956601362660
11.441069904454553
3.693332693396751
-6.964893822076220
-10.992288678880920
-2.990191545798526
6.508076842645218
4.107817485513076
-4.968897587605234
14.153240906611657
-10.331792457183724
15.688849743776411
5.439154211170578
4.382962845909860
8.208330825999537
-1.620989533896092
14.183102744716734
5.622946870803343
-1.000118505209743
-9.997958763501586
8.521719770283307
6.890083727375650
3.582708313866855
3.847692254394147
9.411772164242235
-4.707594204092213
7.234919045695534
9.720292073078589
21.718137812203796
-8.177507427603715
5.307625775368711
-10.285431927668599
-9.736437531065402
-8.999041541944743
-5.250325747416507
-8.728726194113836
2.010766916913340
-13.742248900580341
8.379091294658883
11.041869345140576
-12.589008003281904
12.047298840734781
-0.717868881168713
7.288398723717963
17.461068642540404
-7.509538065413736
5.397132410387104
0.613364412269256
10.113408820290763
12.397013905643039
2.615405651095974
3.635128581726522
6.287097625102426
-7.801886043884735
-7.517179161551027
3.698869779565775
0.490519754351367
-12.282260124703058
11.314783052222241
9.629829012616458
6.012925211811871
1.622408818277725
-0.768387493569588
-5.196205063348735
3.623367290302814
2.981286771121102
-0.924931255599920
-4.365865800234427
6.239037877060023
-4.545839969322939
-9.323996465804058
5.650029875640771
-8.498541139298371
3.958134669325378
-14.331848204756085
22.236652889399156
32.219503410262746
16.770744490330458
9.605222637581273
18.596837855222098
14.592904517703184
23.354203866028318
8.206641257836781
8.589718012879471
3.311703648563330
14.193684269764322
23.428586710909652
15.397872163168088
11.884609189296429
20.599945764336720
24.633861642160394
28.943079182385969
18.950285230740111
10.974678209039702
1.512331196811204
1.123251377662298
-1.148503524786092
10.933443482002918
6.058420192011837
18.171866023061739
22.226894133829937
12.254211179099148
11.560270408429336
1.742633918180426
5.134723702974022
12.739087943331853
24.105528614998573
10.089007296640890
3.045263809173025
-5.750784742995533
6.287699103489385
3.663869907457324
-11.590294128558741
10.484833106158685
8.413265639177183
-10.231689544036843
0.164787939826395
5.861531143943568
6.617434800890012
-14.437517347949337
1.624579692550264
5.983603567343020
5.500409832457272
24.583680278427746
3.120334002245375
8.242131949980807
12.018861734317088
-10.839547112975062
-6.941077209050334
-9.338179403607819
6.978558811349123
-11.670126323434586
7.980783011755347
-5.553305405449732
-8.897716570597940
11.257880085267995
6.582982198606710
-10.193586270415034
13.983573758967017
24.111264274041758
8.707096588195814
4.271272849417886
-1.551576101477992
-2.534665125205484
3.756105947194676
-6.138310471614036
2.233645334017305
-11.079106122292162
-11.276779335121054
-3.148919872077611
-9.516623464653559
4.347800372796043
-10.165316315444800
11.983786383170528
3.357837435490377
6.663229778252182
16.698615299863089
0.376699170273123
-5.423478572826581
11.284841116184765
5.038519770856261
-13.444919758683502
-14.385285217494374
-0.980697226701627
-2.998225159010964
-7.283001782038717
-0.722817148418539
-8.415242969717472
-4.476588051522429
0.260756599372606
-11.630688977721466
19.143995213389399
1.788284107012807
-2.182265066160939
-12.955624184550548
6.288135401573095
5.679424466881640
2.278021152726393
9.209029295579089
8.402645148524380
-10.870898725870479
-11.307594176990721
1.750445514335505
-9.036215039452637
11.676192208042455
-9.891717061349986
-3.620146498372841
15.340536590358495
15.427961138742029
4.956374944167380
0.186951638752110
-1.476498123945902
7.511455191071825
-0.198333573619985
8.542804651680788
-9.486769977718016
8.518664660173782
-2.180012505585337
-1.902012930206032
-10.957923401127532
8.080744108222769
-2.532701906064850
5.621117552565934
24.296019844848679
21.509172773225778
7.665493372206335
3.900908953929741
3.964457503969061
-0.056485482517850
2.109938242523907
-1.632897357285437
0.072615793474305
5.802344081365670
-11.882451852728828
9.036400771716792
2.478536278697916
-10.774168912216169
-9.583745736900593
-8.619353198269081
21.213200752722667
21.984125345937972
6.567598444673981
-7.765684917460050
6.884084394147655
-3.630735138259244
-11.222880262519645
10.397314430399467
-12.112070488795670
0.597107235154656
-6.504698510982418
-7.069993874090720
-6.322148666867125
3.962599586678025
12.551123682200494
-6.709375113579153
14.343406832936873
20.955800543052970
12.191533856648730
-8.787909883907021
-3.839868433233288
3.301472089859413
3.579192761135836
11.232747375142182
-6.896183839019475
7.696740913063633
4.269148135217439
10.582352454113941
7.922572001778783
6.685402400645155
-13.037000753468369
3.633385210127285
18.417386283826730
20.090882897884999
6.867700305705750
-5.057884002597014
-10.100137454504207
11.644820047377056
-9.660569582442083
-7.212207927001741
-2.758072727247169
0.834731911697762
-4.282201800626792
2.919778619855539
-13.202668500692893
-5.731078127739524
9.210403509070357
4.044964124935197
3.767478925533347
20.770426703044411
5.257054241493837
-1.354329499115392
-2.296590550940757
-1.163753004355248
-7.121582134217762
3.807225612833739
-11.467012102933140
13.147566004259316
-2.610421944228202
10.455559901639621
3.832968394659900
-1.647422694902606
-0.911054886370457
-5.108999999290798
7.532400796437823
5.331513906983435
0.833116011616361
-3.216962449819293
-9.398534551914100
6.172546433830885
-3.429170375889715
-0.156607275901647
-7.992721651211713
11.288627829071430
-10.236828665359329
-5.195390147713661
-9.442450308446986
-14.026425152563691
9.849573979084177
-5.956911372466436
21.692701022463243
17.004850508647444
4.688759131212147
-5.921078351755201
-11.057124800541033
12.567177000254000
5.886147274117061
-9.524136900214547
10.714742996131420
-6.724274677561721
13.931423004219035
2.547711381478104
5.628302643368166
0.020368108535351
9.438711397088465
10.511477635945875
18.766372811871754
8.974875205650401
-9.705484823652300
9.578478975490892
-9.555626173762429
2.865344804183275
-5.578128299013770
-2.548347821248852
4.153972626269782
1.185043041680491
6.256262034297105
7.711522332723959
-0.841382109020545
0.105836002671080
-15.245389050452687
-7.465869898659118
4.032822845984635
26.161169481073124
10.355159678196149
5.556986740118354
17.026824119047649
5.460152677940274
10.483822383211846
16.522824896742978
14.405160415174981
11.447171906217546
2.758426263815922
3.555224565116326
21.566204774922788
22.834433740859119
25.464229095477720
13.588029252639059
16.307603346327138
16.655515418693199
12.758425776734216
12.599018546100261
23.872305273950232
17.554493026134793
20.608647869251975
9.142235544576419
4.072094757609117
12.294414979077134
2.512295979313687
16.207540948971896
27.006277839190457
4.494911839018999
24.976003112725909
5.542613592717154
31.833112506118187
10.865861864232398
-0.390532086785195
-0.851412327890942
1.550399641297017
6.240670438967965
11.873877735284093
11.325323996751257
-11.196704052480266
-11.853120841483184
-12.271449025381106
10.386289580439358
11.858592007709012
-11.356744395269425
-1.053703271343239
-8.157867776769157
6.722058478613410
22.643666261175500
4.270046292464268
-12.072959981892708
-1.354859318749454
-2.850387458619844
-2.844422739858002
1.390541551350862
8.285440826455797
3.095636828381402
-7.705439681515767
7.527105106751944
3.790307347565107
-12.267290824683053
12.981233610762860
-0.071652056217031
11.209611765206613
9.288540200930342
11.076935618685994
11.334309458422625
-11.168628044039311
11.950813345122528
9.659633444463660
-7.365332093725601
11.097692518540516
13.388184437243353
-9.979042521202494
8.956284517401969
12.031440043370917
-0.032745778110232
-12.201583268680421
-7.116084552424062
8.979185315304985
17.148967350902488
-5.189044531988472
7.697177761558989
-12.781924430645031
5.966532744917340
-4.912280684296168
10.503516399070403
-5.937830437411476
4.382279639775994
7.030621498837420
13.852476928314411
2.114988816489928
4.011855111928581
0.780824863249821
-10.101101378026000
29.476961870899874
8.954756357220349
11.233208078533975
-11.566071416049301
-8.191426184117534
6.892841515081404
-6.931403506980930
-8.093733674424577
6.281025942080203
0.089553977404524
-11.137449164473196
7.312465978466182
10.056808199759953
-12.339032418718112
12.196381428836094
-7.891154731573141
17.833806908146382
2.550285570579712
10.806023042093036
2.947506189787531
9.973869644558926
-6.106257650119376
0.451022580941687
-10.963960803097091
7.276021989190961
-5.518355930465436
-8.111483883164581
0.391010799627292
10.493499183325802
2.669340993589414
1.289909422532613
9.096055812247123
23.844853795526941
7.759604497235086
9.529984398526135
-11.664324717905522
-8.584040989905617
-6.401419115905371
-4.758058375566293
9.696984954037237
1.688134873606333
-1.895507537245525
5.009450935763049
2.744943066847016
-1.234539954566640
1.205832352491947
6.853788348312384
-13.505109345775612
17.482088268493339
14.351058339397914
3.442396848668536
-0.812961113552076
11.553553735163781
-6.106580579237352
4.223078100114631
5.829575714575860
-1.624936496198618
9.111594219744015
-8.779413497438382
-4.131437321720382
-3.219064797376777
5.510495940926718
-6.035381506213628
-5.691963331164773
1.828032624362054
1.369301868308947
-4.356288033703475
-8.550427565607437
-2.906816216607961
7.885653596318166
-10.853442607844920
-13.218681352314857
-10.009853952568886
8.156008330712101
1.526261714997813
2.755606108231295
-5.638159327506158
-6.619949946003011
1.250496765715303
11.575009940459866
24.172264420973271
3.604495951721675
-5.237951185199411
5.593415161871078
-0.413686958799920
-10.014873091138380
-0.577009131469308
12.961376549658079
11.096721142575484
5.643577386924810
-6.170060771596647
-7.122343665045845
-6.845926683324354
-1.205442274550642
-1.814306981309464
-4.812313258560522
16.438173608592788
21.592444489985919
-2.362740811129449
13.382344396497292
4.715058576182962
5.783816588010551
13.163663047907713
8.705204627805026
-3.060175092918880
2.689924765699514
-2.539189274208245
7.301665584231575
7.069974822490467
9.711307505942552
-0.123324487881426
2.109836263633261
3.164652412368286
24.000960272737299
-6.296748585205874
3.990514158732495
-11.376148754905978
8.126242301019959
-1.048109289746788
11.720572390929128
-1.230180321834131
9.781829943778842
-7.401771270391422
8.923892999963780
-6.423612341016351
1.783921749696092
-14.888420271635249
7.865548272088885
13.006955442022043
13.299658737284911
7.247892671380146
-7.671614701241075
-8.467344497548117
7.411555710905956
10.033589927495264
1.472480412792638
-5.898519532707763
-7.505599342987692
-7.225854000647483
-9.828544706026348
-8.794291845892696
6.650821513799404
2.281291558072568
-8.390090729291598
17.533351994833598
23.118537185303200
6.600423432234872
6.913397112355289
6.110785271092682
-6.447685865428153
3.633969492108544
-8.119395060054678
-9.665855930962529
8.232198225442410
11.804497941771762
-2.089468268719259
-1.983880034174708
8.916077685037672
-12.223919995699040
8.629446699111467
10.188035232102518
32.391695435806966
25.072901919518088
14.882927080096179
18.403939178867233
24.008783448025952
4.256869241249223
2.159307738374594
5.298432384290937
8.572714546030717
1.471644821796404
8.309817111729558
1.188751021022324
16.992165171071964
11.562158587650467
19.177878443234537
24.687449210177856
17.630238642743905
12.344635562666060
6.570044292402470
13.179903072854461
-0.049482217081581
11.889905684576323
17.728817854881669
24.394829829872965
10.711831007484266
27.540146588599381
6.940798597382754
5.637888446281609
4.001341073308766
4.937776313134368
17.787268813600427
12.800808422174676
3.192974998705539
-9.451246771705920
5.934434453926261
10.758951313681417
-8.781194235561973
6.471443309668183
-9.755226115582156
2.663004291552583
9.179907461246435
-2.063695378165550
1.758024333863532
-0.830336837950326
10.237744634150413
-2.857409767740132
-10.856038154035822
7.265750662547418
21.770371194821951
-2.770954197631662
7.593785645251060
8.372485724916913
8.194734701977456
-3.617892698206892
4.536616447165893
-11.035078468283210
-4.919039307590136
10.716867137568473
-5.348813948383941
-0.444105908481456
-13.473435495734881
13.002367187292489
4.054800163980010
5.918127985167377
2.101933430927773
-4.010765391872615
-7.946954803982263
-3.230073824166356
-8.539322077082154
-7.702180919564414
9.432930479959087
8.640585382767293
3.234123705064005
-1.809045195490603
-5.189751450992079
0.471868329435521
7.333545038631908
-2.045789602699597
7.611476403480156
16.902299232735437
19.804904125074341
-0.794737961978998
-0.853416010203499
4.377990896989586
12.587369346333370
-11.316799572816494
6.342912443607535
-9.331669974760926
-12.599932445492568
-13.005901515020939
6.224224122345544
-14.073367926326288
11.996465674599854
-3.720975723918983
-6.779274033279753
3.197448754309424
14.534655540499209
-8.726228826086146
-4.682487739102204
6.728936823890045
2.571590261334368
-6.249557267059366
5.369522198741108
-7.194286031273328
8.941397554679497
-12.820229260632875
7.277582302818813
0.274942582601188
-3.866018861469819
-0.110941303479929
-11.950959153916203
4.410477888495885
22.040302971862399
-3.804375151546848
3.695228241242105
8.681690084599754
2.878825280758933
-0.961859323066595
14.350020126602629
1.278892849236215
-0.967760835759229
6.574244240100604
2.205524928497861
-1.971295157434086
-14.146731482887052
7.426250897080748
-3.423709071438618
17.298967152973159
-1.234463899971204
5.893803192718796
-5.149535767338023
1.271612338848231
-12.355754071080939
-13.780013578375808
6.077326309437546
7.585643484529871
-11.600242823176202
2.354908605271447
-4.139413939388183
-0.466261680920734
-12.756032697742818
-1.090373079334564
0.850975665194434
25.609212730829245
22.782898809194041
-7.453796101479689
5.019978130245567
-3.015922955244745
4.584344577782014
4.369998247069299
11.262969896319774
-11.383416269153077
-1.055757510036118
0.468494815504406
-0.354711421930564
-0.202488988732218
-5.105254285086535
14.221579508959117
-11.080961580425953
8.644184098413291
19.311038379702275
-2.230497344038683
7.866380122893670
6.759628638047550
-0.010510917757874
2.943706424880636
2.345272113729868
1.389246260928568
-6.701384968450937
13.205858176669972
13.922984595840326
-6.457417662468468
-2.884514912909133
2.773960251255873
-9.119129616822642
6.480523003023364
19.898835317184602
6.900848514819917
0.204813910743607
-3.095491279892388
2.270846767477161
2.467783800544114
1.521092455611139
15.215089259303673
-9.063721382554496
-9.833618963991118
0.012600260792581
-4.168975664847054
13.387960547296302
-0.068361317770727
2.425792118267062
18.918729616291238
24.410440388792399
-4.707827757907952
-1.737028129742024
-1.309369586086535
-9.764121339546575
-8.391756022997084
-11.920123320501357
-4.465506306134867
-9.185897845395791
-7.997138733508590
4.077076035587621
-2.070412755510963
1.776821517747282
1.957946418299312
2.150324111874364
8.354247484521125
12.180135184517194
-9.644861987626577
7.001494383905779
-13.870358304525892
5.822921817108487
-5.477413168864979
-12.655269053604112
9.759200436882299
-1.311032130062136
4.357331210448090
-4.409775235415323
-3.923071581368826
12.288969893143019
4.016016893561935
-13.419728349158408
25.768094582840853
4.480987129025618
-0.156756463067952
-1.319258369188410
-6.455932207152209
3.451487517660241
-0.239381686430146
2.078561503011060
5.265589674592759
-0.236520418541746
-8.844362471645866
-5.804823075330262
-8.459698909176371
5.113583960623285
4.345501035147116
-2.362713246775192
4.497565511380121
24.248984681092658
-7.361218870785647
-6.897979410317710
4.523560860903727
-0.838632024283813
-6.553248462059186
1.282761301511324
11.850335848448026
6.804082750717214
6.872986067492977
-2.072735740371392
10.093052635478342
-3.110997048723973
-7.492464076956949
6.083163850979487
17.853596330552168
31.297483788010425
5.781877169283980
-0.547343401027536
15.176284120034559
20.278005418031476
17.455770719077332
11.105707406581249
10.770806870782195
19.174071575130363
13.927431646700683
15.379746086140974
13.955718890277536
6.117827454171064
24.728856733408222
17.349275805684403
14.434318434183627
15.766477717909252
24.979117681728262
23.054604289147353
20.799929193127859
6.656460291546050
14.168765613422156
21.862912169593816
2.251366600511303
5.095596821557541
1.197392925711998
23.001538020093705
17.469530350747299
10.568284447569539
18.225442737445903
10.343295516140424
18.985727496904197
24.654174107897180
-6.184063193939654
7.703922812223397
3.878922390229500
11.635758198162426
-5.228220542067763
-8.833074240867550
6.611217109305413
6.034813039021016
1.995230241210772
-9.299740017996978
-11.356652364300865
2.460821483498836
10.761681750305781
-5.047478709392012
25.241591178458926
22.876908400038683
-7.214744191716774
4.830934201288468
-11.464682010684479
4.900751619087885
-1.052989617946083
-10.050405366369713
7.889233498316834
-5.009649165444850
9.456923899919229
-1.233281666521581
10.541227217550029
1.047417011134062
6.841395256967003
-9.557116956709473
14.534590661309004
2.892512925850467
-11.853194139829462
-5.719262016806411
-9.706909753245725
-4.081414676774951
-4.552336256742636
4.904307355594032
-15.046601638685260
8.442893998437986
9.604567339925367
-11.403253999260839
2.903715474951887
7.366249093025105
-6.450732694683003
-4.531090677963144
14.957350721097256
12.519767222702399
14.299843526584949
4.826691187837476
-6.764725271502846
1.246853902585263
6.776285824727397
12.124508241249487
7.237204749247617
2.233209726043609
-4.108773436447970
6.778431958415754
-6.719373270272913
-8.267378188328523
8.221315016607436
4.682442331073081
6.152681556601398
19.973029587870940
7.963180314732337
-7.316955883203525
-10.713293807913214
-6.589155948529561
-13.412648535991387
-9.759895442873189
-10.146261960336126
11.191918819766451
-10.163149426767205
5.757453517875382
6.558167904875315
-0.613882118190579
13.226362843171859
-9.150458911503879
24.327636577807208
23.513632339664568
4.676232276799263
10.955915729029069
-4.226939737902459
-0.547481895213710
12.080423960499665
-5.989734997036751
-10.314272179414639
-6.028349485727189
8.788696963241643
-6.033645446427938
0.704272330135234
6.010011970535864
12.648796887904783
3.094226201574420
13.644903360234990
20.202937422880410
8.777270320233550
0.664839046385528
-13.977178765915887
9.364621799608978
2.904943604443670
-9.123440710885195
9.556540609596547
10.741794182798730
9.634012811181151
-0.885291495307020
-2.872087944705079
10.860375656215652
5.964249595983075
-10.151446954883374
21.153141826462534
10.907921646213122
-12.195531223526004
-11.840357742663638
7.092999970583709
12.884892741164609
-6.830092736906414
10.778727794894355
-6.143456742699940
-8.041395769939477
-9.254917661312462
3.560815589763610
9.968616202924691
-8.606120784117898
-2.344958206333676
-4.653250955349412
25.370127151892575
5.802185371426022
9.011588093364418
11.028677662382224
-12.203066104651924
1.916531691754487
-10.094763055487897
13.353474510998220
-0.341674122187161
-10.460750253619970
-0.531816994553347
5.786237934504743
9.399625404458305
-9.567567409746147
12.634790995453848
3.786207412735657
13.654397216930237
26.457572019406388
4.945849672400321
-6.834085569639727
10.324152506107541
-11.884243058452494
-4.055357767760449
-4.819304242646004
-5.925638826063663
0.689724572324064
12.741511361087451
-11.957022633383529
0.083603802641666
-6.603446855490768
-3.610273585938982
-0.910539794205935
11.812183191446669
5.476834682504106
-3.881862142533933
-0.374200837395246
6.317846205233524
3.023374808031773
5.979273668480698
-2.023827922541569
6.562624570244282
-8.552543324675669
-7.237589997350046
2.962249964923712
-9.120110732559169
12.397200997638137
-11.251542633982163
2.952803740255911
23.226468199038155
23.753249143135385
13.118718186914329
9.160613273345220
7.810063999057781
-6.936639589693692
-8.658690977217022
-10.115574834922135
6.753084984493021
-9.917179626374129
-6.072597465046031
-4.163311221247217
-5.520626480467905
-1.682871038412149
2.926148996654041
4.308238786788777
17.645285741260874
3.913861629978689
-4.065962056660079
0.036289662605283
3.067661671465095
9.913311614148922
9.012461742392025
-5.369713768535163
11.360768290404588
8.774871758080488
10.592536200113843
-7.759342437032309
11.172072747802405
9.340993579170203
4.193461302757945
4.008533512711780
18.264955836005957
20.938731305738322
6.169146781400377
4.845364619440100
12.375539895787613
5.510455804649015
3.729789784052308
4.128624882608944
8.593276193176052
6.657192321334579
10.965313663690026
-8.927350295208095
-4.025678724528143
-0.108537348037835
6.380888493908984
-16.307235257377492
17.596330267654885
13.738111068838325
15.506362425864840
11.841426092126129
2.202908767481760
9.065746162117339
19.596907602435397
2.698520964802483
7.570361404479645
12.767394187286209
4.503539061873935
3.933738942227205
12.580722743450069
23.550776198297168
21.226300157711975
1.999371579382275
25.446575766637253
21.999774450436124
19.405180653745855
14.605330153650289
6.485595461672915
12.129815278635276
8.560151495300307
5.188027699565525
9.826818143868264
7.616827547371777
7.573155388037277
15.018559669618748
20.175281249068348
1.865712894995560
16.187718281609808
14.249618570436553
19.073323209804169
2.702199692699216
7.635406473481745
-6.033424387701529
-1.027468886704872
2.269103880631313
0.555581959223175
10.488919024583389
-7.504662520952833
4.385245856542727
11.177379668772861
0.062564667809081
1.408371058017183
5.874373831262055
5.665092464380479
-7.256324249439092
9.201569268573801
10.878003260063943
7.454520338426596
1.117111496681871
12.290667076264826
-8.706010207862603
7.086984426289325
-5.874458415375306
-3.901227089064769
9.129507071398898
4.934737390342513
-12.204981317373456
-11.447081809140316
-4.563302078546634
1.427013976698278
-4.708744242651736
13.458962870044154
11.022364029205576
6.257831385479237
-12.359756015408678
-9.668475683624141
-5.186586661351191
11.129163012899994
-10.173138192469780
8.198659193328879
3.306542680275883
3.889426477201945
-2.392969743997312
3.180916505018680
-2.445481068662120
2.350706007960578
5.921431259681203
21.585463881765246
10.214898884396487
-4.961457239911637
7.958170896376557
5.099216136196270
-7.874472818744591
15.083712485657870
11.197989048994136
11.255034251257321
4.018449862496206
9.993007744193548
-12.192047566264893
-9.544852210462489
1.420021711578609
-4.900791794481126
-0.877139330318724
23.048059416491551
-0.019246612684452
-0.236895329894921
10.813966486982052
-4.829547075941016
-0.107732324445495
-10.359171713403972
-9.630887891459695
-9.801189654414168
6.530254765194962
-0.023857633594355
6.379726853864143
-6.915226297413568
-10.673151635412658
-2.698841883660682
10.752277520369875
13.422487503114386
19.262513966421835
3.710448407433210
-12.768709168196056
8.465228062805352
6.794160895419380
12.429279895233581
10.720262319184952
-1.187389250466318
8.422287629648249
5.528214753385734
-0.732241459066160
-2.157690665758078
-10.372577048545965
12.390619227844576
-8.675248506327737
4.132539399961264
14.569034771793078
-9.861282016551719
-1.845084535817186
12.045991566519252
-7.220453728093045
-0.475972414704021
-9.755198085100950
-11.690198958707136
-10.499830055748967
9.624528772488475
-8.605425254258062
-7.172981674397825
-6.074313120485431
-8.853147742735755
3.959093035179688
1.118766647353198
24.858487633456708
5.190383881419150
8.730615829457820
0.651461566170430
4.619663767805166
2.450878137001247
12.464072317566753
-0.958048612791136
-2.020907117529260
-2.268169138239776
6.884260723313430
-0.393484151174081
-1.877549920174085
-12.790987781617321
1.590978387552763
24.820103808222395
6.090525404126630
-12.254106145004789
10.322165529393670
-3.872723518811496
3.269921446344776
-11.433032563157855
-0.562922473327685
4.770091392924120
12.191496224697449
3.831652275208220
7.597109720388945
-9.882816906498192
7.978504546442307
0.556202756965628
-9.617429140777062
16.905438485976976
7.098236287524109
-12.886813320632470
-10.512733226415110
6.366250399205015
4.564064821491049
-6.048660914436293
-3.591798220571040
-12.456842306748424
2.683169948255255
-11.707537507967807
0.149673545802784
13.805620031806454
-10.498525285859840
-11.259348063850473
11.081793993749562
5.389134575328390
3.364282066637787
8.403959525937195
-0.023518582351291
2.756467242146123
11.970926967435934
-6.586441060335582
0.526558629482312
11.162423182354500
8.245211227911165
-4.876331647334780
16.279606292620119
3.223715765505894
8.679871111959152
-8.337822858401491
-8.940479026148317
24.389447344648399
6.051352940989357
-3.453212248838143
4.792708133716465
7.339428647579353
3.498126840450861
-9.799090093839489
11.882586346884535
-6.818703208499919
-8.506627599944652
-0.967740104984369
-6.013083185541015
-6.005152869972014
0.772911834424788
-8.931289188997486
-2.155947944687656
16.296016111642132
2.582329540318962
-9.179466531695548
-3.984075131353024
-14.556402711922495
-5.765907577129971
9.542483501854580
10.606020487195815
-12.520696359463361
-13.333848157587388
10.885626769571392
2.703019409302168
8.346022957631401
-13.452196099540307
5.762540384550831
3.772480691677176
6.813666071656001
8.093884632966429
3.565188821668360
-6.337403628200944
9.807454972903923
3.766098729691517
-11.454817292026629
-10.011248243977903
9.259471146045012
-0.422557394217028
-4.024331413686426
-11.745681733240223
-13.649645569105466
-2.955620600355614
-0.901629674668258
2.609812067639931
15.968568431198859
30.511172312549856
5.102491170215650
19.477059117740502
1.626015575428498
25.753167667776879
15.624190369911577
4.679278835039252
1.341117584305404
12.029794134679156
20.111668929975323
23.040283289756754
13.272457009773923
10.886760496016020
12.631433646954333
19.504336048618114
28.136198324680421
12.604869971799138
0.507833939747804
15.561657419224105
21.651457465091468
3.898768364404684
20.935613003063771
18.982947689007485
20.062376305024319
4.373743285599041
20.531428703820069
18.720952686258112
17.522080373727757
7.948516297130153
11.698054581739964
8.551760132681469
13.382670061375329
16.171353529752867
12.701139265997861
-11.031776738367867
0.862611488840833
0.267806774130010
-3.399476865026855
4.696983774517188
-10.279898965395940
-11.064157591231240
-1.122620981243729
0.720199218820871
3.033702068046522
12.830254971436347
-3.956534886246794
-5.559110150467188
4.158857583607947
8.179257154548189
9.655532606251317
8.632483220953723
-0.439627612680024
3.858927123648543
3.176117857068832
-7.331140021482083
10.037990232947273
-6.025929250300835
9.127702027153081
-2.738567270682451
4.870393983959405
-4.803643863556744
6.001924966928507
6.685621021169064
24.539913174016352
20.072794862591106
13.653844286992150
-0.246641328673180
-5.029128997134572
-5.745632586882290
-9.549657563469216
-5.309027962064844
-2.809790176716536
-0.672278532140085
8.411171259084327
11.223911893192643
3.157976431380022
-7.545363624834159
-7.335198266587773
2.506296157141354
12.475480355078114
3.545356228735928
2.138779369713165
-11.955663850044672
10.179261471228331
-7.685102780668579
-7.286803867335808
3.217251705572591
-1.711032017930889
-13.159101839717060
-14.521315575820079
-10.840638043750372
-1.962745699548508
9.480609407406574
9.844982992785507
-6.071998517993839
11.931334309713604
23.340371251264763
9.681360157058272
9.154544638541781
-8.246805313158223
12.131702595917373
-12.154483333301950
-1.056595488477773
-3.540575946467263
9.256687940217869
-2.832683591559849
13.617400488638037
-10.288675692066860
3.832118144180674
2.123696635534852
0.195288081744355
19.169442489356474
4.252951019095703
2.239624235890626
1.331713963454458
-5.422626770298281
7.952820369486151
-9.451034341217500
6.866341214099128
7.793718533028716
-10.972349914243608
8.025703186646902
-7.169027174901698
14.508259499216578
6.870686171516164
-0.241025690101565
-3.308066878611258
14.178089313291984
8.472413279801803
-8.153522249848359
4.122708120906133
-8.427962944576501
-6.308005568249154
-9.933887365243352
3.031461111750204
-10.051317636413179
1.233429046922101
3.648861604579195
-8.339993326617401
-6.934452816813464
-9.227441770596169
5.855294757920914
9.217999687519855
7.541801254517301
8.741886064755674
-3.450286358804576
-0.387592514691685
-14.952260656725734
2.098679303703217
-4.521251308508792
9.841457893532446
5.126329393650558
-10.495548131175127
-13.327569292079456
1.634588892867138
8.375138041738019
0.431405032720147
12.326522015187200
-5.255348524197630
20.964579076955367
5.671832960411826
11.867359599502464
10.443776549978079
-5.135005796391047
-9.066527772725806
3.475237668247542
1.813676573715017
5.166901278387240
-7.875900736952154
5.473683248960262
8.232448475077963
-6.103342506616995
-2.671022004294686
4.450448150490615
3.931691750852240
19.171979953149329
5.357894352338229
-7.455900772221339
3.471636329531498
1.098841089335661
0.022847922529486
3.313094216079023
-2.774829523067372
3.527299807186839
0.985524938435081
8.859759369799757
-3.097562160854027
-12.583070038623676
10.186281390109228
4.647089316810989
9.288669457793549
0.776246398117504
18.908130768178097
8.732446012893901
-4.775724641874304
6.447921150572565
-1.792316328637451
-11.962048076075531
3.614822435013403
6.331782937670030
7.511635175213040
-2.152729101084518
-10.771559577328878
-6.159386837463542
-6.702280957578811
6.160132176783005
11.264510150190677
7.561857026331991
25.509840701944125
3.736146471805944
10.396721924374223
-3.272920666389595
-6.950759308855410
-5.378107609403370
-9.745620867118996
9.034765632373638
-7.518348235412663
-0.843183026576031
10.451695597009595
-10.332066854151002
-6.196093704177110
7.740365047352554
-10.972785698702918
24.995323219800063
16.730365954679606
2.251489665942037
7.766276366899842
-12.319505285620460
2.289441592660465
-4.618901209728282
8.012277655309193
-4.198923241905370
8.228369693378157
9.240718093812806
1.641689923890725
11.526088738127655
1.400850261282577
-1.093799935231832
-8.176030439406649
14.097876582340275
6.393616238792244
-5.779308522483009
-10.167838998217066
-1.308412776937904
1.842583884877415
-10.913459863939073
-4.273647152480511
7.324235653190058
4.243357114607168
-7.821951563852820
8.992168802298679
7.047263413224025
8.918413498400898
10.019383107321044
5.365618628619996
14.258376557034621
23.811494122637196
16.609781313971510
19.702742664005015
3.244968355281732
24.154155271199595
11.695704508896782
14.421442917278707
19.441573118996601
8.651466947817923
2.746355778885240
17.908191394483755
21.465253113054320
12.963127321080831
21.730546397497193
8.432303710576290
28.197889385837087
13.134878737914786
11.769448661138046
5.997507754246472
20.134825294900129
15.375890943862444
15.804661803787880
13.060596243040912
6.762520469614546
21.898376261768107
10.219191604861615
2.409709131070271
19.674816718639253
8.188165237749073
21.371623545592477
6.765739272705165
32.327610293090153
12.657114095360560
12.528973462306418
12.321671811547921
-4.949523963010652
-4.387029615411082
-0.316937087716973
-13.208160481978286
5.937685396027604
1.686143942496812
6.059291742304010
1.663250670611507
-9.404574973697116
1.150713527645321
9.493897622215519
7.147052668569171
17.622108415990184
7.850608774391283
-13.609732486591552
-6.382476048722155
7.906053663187690
3.359835222065378
11.096456766639120
-10.101241131360291
0.507451372923074
-6.432441650625523
-8.061272508958947
-9.426518988528532
3.058043054797710
-12.655685269579141
-1.969264790401455
-3.180599495386986
10.655618086296888
11.014009721583692
-1.858927680579443
5.932273026524230
5.172679049043285
10.824135234963205
8.724112548736905
-0.889635552135128
-0.489720821608656
-1.216595721066282
11.773615120339034
-0.894295792977471
13.934117822411519
9.267512744882840
-2.747243132324538
4.396944623159678
3.866629859370478
11.910903198603030
-11.985531433944375
-12.669728029831182
-9.997140390331456
14.110925336885694
-8.770969157000518
2.510310984919918
-9.321516314671150
-5.832241666425131
4.083792010361226
5.736526743851851
-6.487926933210316
-8.885472788422128
-8.444072760382699
7.393870059584208
14.626710650337262
16.279787949882358
0.326143076795218
-5.153085070733482
0.521134799588995
-4.949744384712417
4.957279379459690
11.031413980308642
2.833659906794154
1.730894488157188
-2.862881821982040
4.767777722220758
-3.001592774876208
7.389875061991551
-4.835277664398427
1.422625544677777
6.312244000524396
10.218644236781937
1.752897518571882
-3.964240950515600
-4.709883757731818
6.981928362502681
9.546070048839805
-1.031400068677686
10.149686698405855
-0.370137950577832
-8.294873333673397
-6.338240241323708
5.744389266587973
-2.738946088933826
12.055629832695995
-8.581374867624310
25.551052146382194
12.008483725603890
-1.734459935563828
-2.520811722390733
2.432028528504090
-9.777180566348679
-4.489397751395310
-4.734311571686681
3.953713938572317
4.647720429882279
12.033466152862388
-13.047878846548436
0.037595483026275
-7.801811521314930
1.374746700923300
4.070494934483665
16.717227826228939
3.688894645166066
12.106253987227682
9.667495631923671
7.109572575012957
11.652324027685598
-1.363904444204601
8.259259266433897
-2.717813930808480
1.341222225381628
11.921019039080015
-13.973424676327697
12.602276150883304
9.976648861997141
-8.554799529982173
10.560329627972255
8.249978484702288
17.956707241924821
-5.960482103266047
8.790450283228623
4.933559987663084
5.550120149995249
-5.943861295908621
-2.112726081680846
-3.802159428970036
-9.910395152825114
-3.160604925900981
7.235436068026081
-3.712206672277395
10.214141789457823
-3.694069009597438
-13.334827282621905
2.397129479514961
12.737582801253346
11.332668353492718
7.451358581172000
-5.935490999806430
-4.031236088383588
3.710617837827011
5.346695072179052
11.309986140257674
1.631636867593806
4.373270410752520
8.912262280896435
-1.391714279722287
9.818470885426954
4.472591898624128
5.966707487575107
14.086014422162441
1.553055431951331
4.757157764284480
-8.537228605494469
5.062229940231065
10.813296481880030
4.350045313755999
-10.739929486410661
-10.097098680723974
-10.810559608419688
10.495506584409403
1.190694663296778
-11.596417828275088
-4.198562433569962
-2.144132617462493
-12.254631834223229
21.304683614664103
10.193450144116511
10.196726751139723
-12.721868467853344
5.157299642524354
0.907344591760701
6.624826618295549
5.467285786041655
-10.461018550424381
-1.001902978868176
-0.620451943306458
2.147267185685809
-4.183432103220109
-8.147860040957047
-5.886025335586637
8.345779315729516
7.821277109357199
25.929794239778907
-11.191449285108339
14.426479709533268
10.684428904524271
7.158596031441636
-12.313449788984586
13.587330239167123
8.348036425350246
12.182056799615751
-0.221975106849332
8.751618600800454
-8.016505644198741
9.633892277550840
8.496986781012724
-13.802883111779989
10.766394985265277
23.001063588075834
-9.524751563335190
-7.020272354604806
-2.398941893316310
11.100075058685649
7.447013432833836
1.140039573023113
-4.901827929030095
-5.173438518854530
-9.712693249672974
4.914739971475084
-2.321298556086274
-7.598718584328288
-1.739480722108615
6.042951213215924
10.193626493771397
26.553728327412962
22.948357925260598
10.342178530219094
11.141785043823432
22.364261234814418
6.758599070719724
5.817318986084930
21.333371777242689
21.126191841962839
3.474171139055009
2.113940888603191
18.204518070074030
23.655217089064045
1.518690801467134
1.909027091185111
32.169697340656853
17.851442988427092
9.009476839569153
8.462499493482753
6.236829096096023
2.231840958461091
21.919271109588106
15.008103417236413
11.207471263691538
25.412511670222745
7.059905534638049
25.918607782534615
9.178749584210452
20.605825470111263
17.890487309494272
16.647060817408864
18.870350116803472
15.225485446967879
14.176963801578140
8.664140004042602
-4.621114620762464
-9.278863231781340
12.239842466656050
-11.283076712062153
13.043334647567638
-11.432836489487830
-6.961544441972648
7.999424784444005
-9.608528659962364
-4.442895269227638
7.777942933970103
8.909492695661950
14.380512342499811
3.815955263476796
-8.971427847617971
5.644974996170477
-11.258552070361823
11.287691194698068
-6.162880289909845
0.773268638073128
10.834116979890563
0.944004411783072
0.483790783436870
-7.218175826695826
-2.688591616548875
-7.762735857052139
10.001945236698708
4.747882354887150
16.729972353545005
23.079893971364900
0.412022361258059
12.839053801651602
11.900045809289463
-2.348135182796107
-13.444022920655099
10.943380446612551
-0.780971670886947
-8.405567348657902
2.942805232919198
-0.389500328986673
1.151537385839756
-0.279251841492607
-1.480007639843969
-11.297460289344869
13.875279177853496
15.291215446447588
9.347514709619581
5.998384802601476
1.836255710961417
-8.815365576564970
-7.228346568172963
-3.329627306819716
1.128638835218100
3.255444228302429
0.452196869278426
10.440047222394522
9.492708374975585
-0.545857902404788
3.187929568434108
-1.047123225427749
4.955545807702260
0.742288717880046
-2.208069433555043
-6.466903072067954
2.251816739445466
0.347907661622344
-9.523522635234295
11.470845071352485
-0.057659686569896
4.419282599547538
-2.918655266481756
-10.906122306783741
-8.859969249395634
10.601337110438077
-9.203582593800308
3.396967634743534
10.318229566942074
24.117930871489424
-5.604647571036892
10.986157340922462
15.328566556018108
1.167005874759985
-5.343469976141812
2.457205381922985
-11.577549906716476
7.108726909434758
-0.102747403133074
12.915158474778364
-6.437131000886265
-10.914817844477868
-3.131964762290919
-2.804079872930461
2.778933158507073
19.697692975726763
0.729017058261211
0.936950832576001
-9.992126529101343
5.205494437928077
2.407795908119433
7.950213790382354
-2.375222969974964
-14.510859367209886
8.044091485926929
-1.235192204935098
8.090477746487817
11.840508894454926
-9.838224579039140
-8.759620637520975
23.288496301643779
10.369990300559433
-13.773463293804539
8.313007562101358
9.724133730271900
-4.116933266221050
0.770212937039420
-11.853416183429502
-9.008206363771206
12.667465537165981
12.061742293211509
-5.445337352084620
-12.247352305449242
-4.070222466751111
6.750582777778888
-7.562218211853052
2.187792069366110
9.362054202874223
6.374732623051261
-8.402383183316516
-13.314905732551081
-2.217471477211207
-11.452169400384726
-0.690128697403768
-3.728330827191628
10.591922089267488
11.074679100455100
-9.637853091879682
8.432430973477860
-11.763545488828584
-5.397473715430804
6.416871992599622
12.043072548249302
11.183048458389498
2.729879545387750
-5.482283901182130
4.712129730131540
-11.499907515710181
-4.335700069244811
8.703923382192817
-10.832441986460443
-2.273957783483880
-8.741413979205026
-9.079794289581384
4.655819751162002
12.009168801833489
-4.642012500503110
8.245563097412498
7.039992620255801
3.766606377794687
-11.156820093354590
-6.826137097005787
-0.484751347678131
-10.608989491876672
6.483734219560272
11.786917827924203
-10.017067410991098
8.558413312564793
-11.850935261161498
12.415363577387932
8.794867837706057
-2.248408973798342
2.832235558346025
-6.411549793282313
21.515524573864191
4.626284753729724
1.106166309726503
-2.707216253833489
-6.937792416167352
11.770466244672638
-6.003292881885217
-1.770234387726640
-3.503491536948595
1.255293143100704
1.149971325020288
-11.847671795565484
-2.735538054134481
9.507958838952678
8.397891316748172
4.753230581410802
1.363811696583322
23.536375539161437
11.927093500237488
0.755927614288378
-12.367918261032512
6.410827711415859
-3.457154556856100
-9.384985670626623
-0.030758987660877
-0.308089814292305
-10.969622102086261
-5.235891158802389
9.443501214703300
2.862613457656745
-0.647440950222051
4.024155231203954
26.070773405987200
3.445538447911636
-10.683061032408403
-5.513063854311151
-9.770808400945185
-2.686353898926805
0.716701758427874
-1.274299935099810
9.568939246502220
-10.133326912360879
1.878028286564180
-4.166598815082848
12.374631930782755
-7.724080407863515
11.586631781694772
13.615310894611900
6.905477761712614
34.329647724670203
15.386393123951926
10.472093546051576
19.193534785040438
23.581486040531427
9.492177022384565
4.352089535608926
10.514414289740110
12.929471425679269
14.941147217033965
8.624172319017431
5.335681329637619
0.198579349647543
24.944728624515566
3.075895223801902
15.618804185008063
10.728841872759556
9.270135590932398
10.380758271729926
14.248047926113033
24.570518131633531
22.531915373416584
10.187975904991847
1.843411263005530
9.697130325574953
19.292134181266714
2.054785456533907
18.021752061798125
17.918919911570349
0.310348537429399
22.394812052322006
23.137772901513497
14.716073513364458
-9.755909824630205
-6.868513921214513
-1.572616917813487
0.008177076004535
-2.974719939741643
9.033377207831197
-12.197358120324724
11.683182898295666
-8.917127461599710
-6.540279855737595
13.693644790301869
-10.843476910071198
-6.458473029294273
-9.837167974019966
1.752195529989992
16.567270425878128
-0.138789109950329
1.251348266495091
-0.604285314960535
-4.714710177720854
11.524523159267625
0.547832516277125
3.587397030828231
3.631099225781437
4.074582268984323
-2.834576163363906
-3.675692935323203
4.216642904196235
-10.739558543888649
6.531240180382152
2.367817870512519
6.460194176277236
-14.337273751542563
0.157325126769637
5.512708724715150
-1.311993687093259
-3.809297673781075
5.315350608115703
-7.628810788331929
-1.726425133983804
11.775070754706425
-5.935166005946304
2.430097971777482
-5.683402282969746
-2.772333976240978
2.977210601781124
22.545907345854634
23.729240410835128
-9.771441128929817
-5.177417643916522
-6.625833257858565
-7.246917976647111
11.370414877482885
7.961563776229307
1.384181248203002
-4.555002853532789
-10.873012397379160
13.708488318933405
-10.338359956787137
-4.612570936145527
6.239728490002324
-10.608417911738353
12.658573981681169
19.495183162621768
4.548907219687890
-6.595330568773353
-7.409538954221431
-9.260390449902232
-11.279979969505213
-1.038349737896747
-1.986815582954705
9.495090786598192
3.026484258485250
-12.556717617230820
-8.188311503356470
-8.745849711702135
4.420493000848451
13.238556166756222
27.014320159803301
21.680762267988534
-4.938861484610875
-7.282806045507458
13.402133901325120
-6.568446605731009
-9.321242279522703
5.786315142543200
3.876550546324138
-7.194254659206724
2.494803451697721
4.538190593262289
0.193174407907377
-2.265468066216201
7.929772697822090
-12.914864887909436
4.638055289926965
13.975288058619613
-6.510195452957504
-3.772552282443529
4.218289462485492
-3.790175420600077
12.189097995026547
-5.768526114881285
-2.295084639589805
4.215582246526880
-8.325243730249461
-2.483396142480621
5.469732536221728
13.095249274789943
-0.244839970602112
6.812759747641515
20.908696961546642
21.208611934542940
11.529953703996707
6.146435033132533
-11.752148066531932
-9.791288571800710
0.932750167293825
7.124402483517500
-1.985543225419492
-10.572446389390368
-3.337406920426250
10.207631183419211
2.162085546721741
-4.407634231451736
-14.707233700764938
6.799072217102660
22.426160292432716
9.074604971369082
-7.973480062546894
2.289335147146768
5.992395446166579
-8.784382075902251
9.520809035990764
15.697310808905073
6.431200173418591
-12.804434704037590
-1.786085330315905
-1.099067287565700
-12.709185425988020
13.969074702341601
-8.286307550168736
7.035115717460913
19.683560689298233
6.130091577828908
3.181550754318729
11.033225189444247
-4.547642410522160
15.114300924872191
2.157627663182843
5.466814366386654
-9.458145461258539
14.820220746947557
2.674445540958292
6.703940088722826
-6.587413495680043
0.967211842521663
-0.496987692311867
-8.516367811484434
22.997375621459163
20.276163219602868
8.772967340318937
3.742178146607325
9.745150177620884
3.293776366996474
3.439488944802195
5.176350341260600
5.489341666218515
-8.346596393895613
-11.922716956083997
3.780156242093144
-14.377521704126861
-9.209024492748558
-4.184728038583287
9.407851551849326
11.023780233703452
23.307444340226926
2.441076731980345
3.486979261733127
11.111123636416680
-7.401295612753038
-4.046206380727792
-8.347021833689428
-5.581074863477181
13.628239163490123
10.356918270400234
0.831511644102400
-3.404548993056894
-7.140069433553172
3.315143834946273
-4.654766293081810
1.338723301579580
12.093974296978658
10.087411857250803
9.134612989208950
-13.618112475433438
0.526900793205433
-0.689036678843683
6.871229207083223
3.180304413279661
-1.611753620957842
-4.348614560136856
2.802782713343758
3.179221890484554
1.466657402676836
-5.789365745051473
-12.786156448901709
16.193169300068710
1.589584708488353
5.700822817953686
0.574603755760286
-7.749584617907916
11.654616437691542
1.227581923467845
-0.330659477194147
11.282855592334105
-2.415499815910821
14.500852170633550
-4.121693409104688
4.444430754726952
0.815996007442475
2.223540301073133
5.833893567711988
2.298658237465962
25.163478801568729
18.320926582124514
4.483577260041416
0.182282439517921
25.630872142329292
19.931576769301465
15.858880854146028
12.459038603798970
27.534280387467835
5.591026013060953
2.308248908402514
18.495375375494067
13.653500643863106
2.254886363751665
7.442126760465151
25.660518192993717
29.578959188227987
20.693013428101789
23.486505964066129
21.224954116728600
8.523989555669942
6.641689257063759
16.151622766233814
18.246089280697550
6.119716011974830
26.507883835820412
10.779810267398048
22.657989427753719
14.093869301068535
1.704995521672528
23.464695463639085
9.598458271752321
16.063539850089480
12.109991281344552
-12.050271482695955
2.651733493270234
4.267215185923136
1.967885881181747
-12.680550262183202
6.075824548059996
7.788825948158659
-8.833612125289445
-2.648908698767850
-5.179599725259280
-8.772830434037756
3.089838177007540
10.503685611069058
25.572855476091075
9.430811733208042
5.437386307137732
5.404995004369411
4.944121368203371
11.040427539516440
-6.895928486201874
-5.930445899223183
-12.855679081220034
-10.318545371908019
3.639417603909695
11.064210322715438
4.482378059757115
4.043174677082876
2.888206882815902
2.594253632051052
6.028666219687397
15.419682488040854
3.543982152149069
9.067171785546089
-6.734586655504343
-8.488131976448065
6.386621525691181
8.341237894418294
8.300693973573246
8.553009402730046
-7.307670813197119
-8.878905747960747
-12.219821042017928
9.782167379177256
12.624779865436622
11.768953038737617
4.905307371125240
16.851809501578945
2.173948032862493
9.129477550335920
3.102593693930000
10.278019551317216
-12.800968357734829
-1.753085385427383
6.959474192447719
1.838449260610370
-4.688875072025175
1.441852245219918
-3.118376070688655
-11.800668185018310
-11.963894133439235
-2.702937781206767
13.820115920538139
17.876292537840218
-5.635766004973915
9.462943333882354
13.091956050178020
-9.249144486267650
4.804181232025933
5.392650013506712
9.303864916928049
9.496510420225807
9.513744268339945
11.084043880032404
8.278677791952472
12.138524126325972
10.852996910853774
10.464033973619360
13.744297816299037
12.301260842616330
6.593511515107718
-10.696716023002155
-2.695035522661658
10.792543173671016
5.550198607868603
-7.735561339992824
-0.369007575031841
-14.138676473935446
3.706290907555401
5.512616357073475
-12.939344654762809
8.742396779238428
-7.190321431583872
1.258185333226898
13.575145899585973
14.441694029346898
-2.278871328699812
0.414440834156447
8.924768086487779
-7.474690105987102
-4.192909149077206
6.228632993636950
-7.978179693211887
-6.679164888653521
3.312676865287440
9.300498113176092
-10.540640759533568
3.165673766827995
9.764532078879199
4.660049536107134
0.599183447938032
15.287638165190639
5.963333515433280
-2.502416828415547
1.150586762535662
-0.486467886011330
4.762021847889771
-13.218420822275064
1.374855658679668
-3.531687251539751
7.294195539920683
2.435511006710818
-5.789290469041701
-8.896125900976420
-9.306303657268314
6.533194326112609
17.976296243712447
17.330222656638469
-6.052364837868303
1.202554746159606
11.940134915495346
3.754726017245429
-8.568812269051017
-12.038044787961081
9.075561131851540
9.743864599496060
11.262453329405963
-11.465079636529589
0.909538357476490
11.026985411544800
5.194969901905847
0.102157052188261
11.688217446528476
15.497378055237874
-13.400259785540522
-11.464384247765128
-12.328164472863154
4.361762067471524
-13.682805065849243
2.046691189541800
-13.169925181274264
9.611390477331081
-9.517797801419068
-3.959215647056339
12.715264578217287
-2.824101454962087
-11.426021331188279
4.993051239751773
1.802056243085330
13.434551990793349
-5.804394022470523
-10.469141539404703
-9.723660155070787
0.626793713600737
-11.507186323174830
-11.648099019028288
-2.629341696682079
-10.244732990974903
-12.113178653695236
11.280196663588367
10.782252422898200
8.081791264974409
-0.617646292605265
-0.832718586471260
11.150623132079184
14.347962695335951
0.702897170885887
-0.088069790083948
-7.656144000895386
3.020092110624583
-10.041378595419870
-3.826069177513047
-0.368517422288900
-4.559176394044972
5.214715178224599
-0.653252851987837
3.616722153786911
5.788693849830288
-9.660201621549298
8.207445711925370
8.234213032403126
13.034588876196459
9.738304176711623
-2.413352460792923
13.162198077962833
13.231117857727746
0.938548525301057
0.532856373830164
-12.013615143026044
-0.174630113493018
-3.186946971429016
-12.231362727578432
-3.092838856434841
8.195406738759672
-1.064081309858748
10.147255827275687
14.575787389453394
3.464085439436175
-1.940813969793182
6.521356662046795
5.658907967460761
-0.982192564281722
-12.304712525245137
-7.709609462744373
6.458631045398597
3.910002655773427
3.637137688061753
-1.924646809662058
-3.301303491602329
5.976936068840759
-8.717201107515582
7.009004205003845
8.691210825783756
11.297657964424076
5.446997734460515
9.024671539675754
27.253685257981388
15.472152729272915
18.755193672494585
1.699404556629900
2.850847598561475
0.209631031942377
0.961510738339980
13.081483989991940
24.776011409133673
15.095459810036926
9.471743217889097
12.816076013173950
28.113573478587703
26.251421105699350
2.888071826607020
10.902568713716491
6.033138342682799
5.599903455749108
14.768632695436779
23.418619446651377
21.730698203076937
4.189524567308613
9.511322551645023
5.907227866774061
24.581382051380999
11.788415831415183
23.801109691523529
5.219446288523939
22.343576444472919
24.549453362612731
-3.667771180005638
-1.418912280080333
2.357554807959847
-10.460376324812129
-0.180306497579579
4.717124961650518
-8.439928423818165
1.826936573640872
-8.016143749941211
-13.224073809675904
-12.229901663600421
-1.602156632860268
0.169281484638011
9.352075973689592
6.358906162138517
15.020577754834937
-10.407038448567988
-4.638002907688733
8.693992874442591
5.124237695301057
-7.688391272764841
1.213994951552710
6.292651527697521
-1.663426444709030
5.432693554755624
3.438001420552844
8.644337277228168
0.660396338747999
5.095691737297780
-5.026795934432554
15.086007555055437
2.563366409653503
4.554291787349750
-13.158694328348478
-9.032455759603744
-9.626014706504538
3.558430636096015
-6.472384181559267
2.200921868998994
7.542286889414445
-4.696457986578558
4.971020209123852
-7.059869755553022
7.472823511563619
-1.676903828828080
-1.188853233674936
12.610790053201281
16.363148291298717
6.173143860033310
-9.749190193484162
-6.959704575110090
11.484752591459428
3.464804762259488
10.332946955381400
-8.178673864425472
-4.102501692298103
1.770948367086679
-7.534336581609367
12.557894661816713
-6.133359892355909
-4.561132515110609
-2.958354474025940
11.789295970829807
3.943318054984939
-0.117048787473255
3.262104903935505
-5.632855426349149
-8.558618158827821
10.789720726567193
11.568066445443813
-14.016331268016401
-5.906737258148724
4.539086657827291
-7.076201019378471
-10.433913754967005
-9.137817178917032
5.734945751603194
1.122903193404393
20.746388331403210
13.496354354310952
7.373713003179857
-12.181464007674464
-1.607157802026321
-0.161482243408211
-11.848517060674961
7.214168348915022
10.736016079660512
3.922431321312881
10.679831769633969
7.293910732164008
11.789071433613573
-1.881300751530243
-5.664443749312518
-2.916367914023057
15.444253152908876
20.119284480400061
-12.654263006827913
11.479003106001301
-11.340110687231700
-11.864542289108291
12.047069555170397
-10.356441952919795
-0.771279542600401
4.586156205081460
-2.432642966710334
0.794806706157892
9.448339029889716
-6.697697211847498
-9.082290109750947
2.226579596859668
16.499628161778503
22.677967362887216
3.045115591513514
-11.396765406893920
-2.870059343925699
6.196598534098172
11.817402947143368
-4.134043272647089
-0.880970151108205
10.497234709792414
-8.840132547468002
-1.091898725410876
-2.384066038012532
1.495423705547786
7.991733374070250
8.727792492009598
7.480134889241372
24.174874063196999
9.206795601736196
-1.626179509156469
-12.527071926522570
6.253865147127707
0.017378542580346
-1.298351453290485
-1.159978656172739
11.584735578198341
14.496455257058372
-3.711639635130593
-9.112961642496739
-10.585834851761268
7.514939962660397
4.097430765674182
-0.877623214329414
16.567540472171988
11.700665377406715
0.835528696810608
-4.243345913590558
7.518068315236864
7.701485427888803
7.875683939026513
5.015303027823239
11.861352881352122
-9.216214785918698
13.631236991673351
-3.643223411237456
10.775518590479866
7.359029473438411
5.070707769631730
24.030538362930784
21.829615966803225
-6.555471746043991
16.585917033527945
2.819690208332468
5.461906798399006
-2.712434430007096
13.659711554488036
4.046642367284112
-1.215979171551753
-6.051928080176903
4.933680738291557
-2.801814021450381
-12.536988126364070
-2.968888503950502
0.903774020217252
18.283364414835042
11.855076563942747
-10.260697277849868
-9.220278482521081
-6.750154814100894
9.440788152367251
10.655405459299415
12.265148216981975
8.302141037444644
15.439190677106010
10.896385198410774
-9.341082382174710
10.214709257806993
4.255414663001626
8.729625390716658
10.327698204818969
12.757632016557094
3.654932404241961
11.913615242072213
-10.359070065132833
9.636060437949407
-3.798819197713778
-9.699358506453855
0.682702796851607
6.985201634925420
-4.751286582905472
-9.383616473704398
-7.816612394441198
-3.288274705078579
0.647495038643250
5.087161642074195
-9.265207274009105
1.123571762872663
23.986841185477957
-4.485485751407917
-6.370882914108638
5.267252511934956
-9.830080290245865
-8.105734705974221
0.569393541463368
-9.390889621521762
13.790650495696189
1.228311161616960
-12.176180360455145
4.046065161957437
-2.042063456048283
10.151517847157786
-8.132695111042212
15.417140248425842
32.040466981027478
7.585702619322442
10.391182996514807
2.841489918921835
8.122674472687146
21.637026578484583
22.119596695583123
15.900962746190350
23.322911507600413
24.073683065396580
24.537142917298315
11.365653476848106
19.445891690182446
2.410166847244913
14.026480608166420
24.522856923995008
17.759770823530744
18.674513719824375
7.161899556481240
13.439030542242817
23.321178565417032
15.983723441131286
11.980629608491727
20.440253180191032
5.532763103736922
15.917375224603974
12.819839931940576
16.846816890336022
12.727644419170751
17.564406221063994
5.611210484342280
17.233691163004224
22.868928584209137
0.271663698959935
-2.895563427775897
-8.361482029017751
-6.277482891118840
-11.644047905990877
1.696107724074331
-11.210245952108060
-12.209144773059121
3.465422767896868
0.504486042309777
5.312920003809456
3.969530537710305
-12.401510075387311
-4.338550870930099
2.361396574117895
20.071161100208357
1.277230768127938
0.176694305230257
3.938997186226308
-9.537594052281978
12.974346441670475
-5.652966040956303
-6.124107695242444
0.595818197166459
7.801135887299260
10.247315208542778
10.368807813324413
-3.877457294090397
-13.249171727918634
-6.793069497585796
8.787952885864286
16.842381473091606
4.311367078363602
-1.409297671359635
9.745009087373040
2.667319173769713
-13.713189956598541
10.534763150631806
5.458174405367194
4.752232815954947
0.039249184559685
-3.228905601533551
-6.278236645869088
-1.362260888964997
5.432543530330313
-2.290084081837006
9.457428253003135
9.984237718854210
13.886610239225726
11.898347210557365
-0.827819747770121
8.860956669720334
-8.754618839712169
6.048072560712722
-2.543225141029446
-9.953482959397830
5.295387760407935
-2.174417324445407
-0.830940252556898
5.046216047856129
2.032513180762766
9.121244108360843
11.533064209173002
8.154407833774766
-4.288053561601813
-6.186282896057834
12.011199439415341
-5.001243514475060
-9.651519754273586
4.469373834072330
-11.249010696191808
8.387729434011382
-8.759531763735948
-2.527247339266938
-5.974531465663820
9.673011769388342
10.182668584018327
4.984818550750992
6.768162142377428
20.983083574559107
2.883165750598144
4.554966329855366
4.930235473872265
9.128546914611272
-1.396961118279469
-11.612989666691515
11.175063967786288
-10.101573356940209
-0.787406988342946
-2.655876292686854
9.944642695106861
-9.754893816427744
-4.534632181066380
-5.986649298568555
10.943133241936160
12.076309014612951
-1.172932192763756
-4.399814135115510
12.176070748910339
6.175548056687946
-12.930440297317897
11.927060053649857
0.563277480454779
-8.689972057794209
-1.600187292136347
7.588746019447573
-11.016960296787767
-5.417518707652352
-0.426435428404453
-8.634174220559268
25.564349487686684
24.372325419621685
8.920792112090057
3.581995582013385
8.585277240995911
-6.476169016899623
4.969005919047163
4.760341199934645
-1.577742368717556
-7.818401076746364
-8.895535099737131
-4.633099681061275
-2.573294888983152
-1.430167280337852
0.380251032943022
1.015691546730551
23.011405730159684
0.246514982193021
-13.384122583728344
9.923217731957898
8.382866903386489
-15.314562879649246
6.850277776760186
-7.053855625471966
-8.004534932786852
-6.749909511650870
-10.465109601367779
-5.021495225849328
0.832571784887729
-0.891545028840909
-4.655669445011607
-6.515668120009675
8.811132475645804
9.222857417642539
-10.933672544515540
-6.849537482415109
2.788953659492065
5.035333377325600
10.910803721710483
-13.788788718073068
12.216932303838869
-11.984731376629655
-6.421888385630162
-6.356362595388838
-1.414898653242221
7.958362651038147
8.659328967639867
-6.667751668797695
20.581771010338223
25.889438217454341
-5.744533943359061
6.548548381099741
13.960643514506820
-12.894256175912099
11.494692772391575
-11.043891428524573
-5.644165684303347
13.029583171489460
-5.065386654373905
5.188406101515705
-2.861961866199022
6.278943918309619
-11.327262013371692
8.703223422962811
0.410196742233913
7.259720272971194
-8.146314053864369
8.333020233238594
-10.225601170317084
-10.235510341467114
8.544231531929320
-13.008668875791436
-7.220241713440159
-9.877656863014053
-6.365031456744777
2.364859647753122
9.080705790818069
-9.705702497952476
-13.302892028960812
7.246387267599989
3.083838246801792
7.882207122576526
-0.205064347109321
-8.469852613969641
0.058317859218601
-0.710371584962297
-5.513744038768920
5.414152190747735
-0.680788420923430
3.420869310582461
-3.397441717515442
8.457249714274532
-5.300186780886812
-1.724703728093156
6.160473129321110
0.243879804966910
23.371000073557248
25.154314141326733
-6.423099971107723
10.788760566985596
-9.221351259025450
-9.878868448957270
11.780091694919433
-5.441592969671632
-9.756525308711696
-10.584939771604237
6.923266680409787
12.324180483969013
-6.290642266297086
9.620374655174263
6.570567755294307
-1.721138382200684
6.441267159972927
14.032427103739433
12.763953435590468
15.353272363242358
17.987781831988958
21.711336400691110
5.625760313414862
27.176184648729951
7.983345342326601
12.525415207038352
18.840037219151871
15.901326111471896
0.951425480633706
15.488551718876028
2.463572744961629
23.191668036017411
24.061967679328269
23.821313535245743
26.817565836393065
24.531059837681738
19.303149106587821
23.598529915604054
29.241509286799243
20.201198326983111
25.951133372239365
25.881659720037902
20.687820834893650
32.779668144313462
21.366163153837512
14.646151021889473
17.827544625768230
27.159909469615620
26.212342172494317
30.037108719366181
4.059196059153972
26.717254793139762
14.878125503602501
8.450596822169889
24.938855908782621
19.831774175554408
22.896131144788178
20.707315894638796
11.448375902813108
22.451495638327440
7.740520927934229
14.573398606653047
20.083114264571631
24.195567434744703
33.863771833881636
19.961078620497638
11.528666656244857
7.065817728203635
26.455844216260978
5.217198563840798
18.860561272530138
14.510724986209858
22.142329589530043
4.813100938598202
13.401997845807117
7.060731589822437
7.383329928565460
20.349917195900307
24.575780615012992
20.614080307825507
26.122853749954537
13.328554274667313
21.331335091186379
3.538102602836718
12.085573488886270
17.270191001365987
24.369876781185102
7.981704623429897
13.977506887157219
11.818252675616302
6.433200265016970
21.718027816488416
24.391651282269347
24.516314530985575
17.913595240522916
23.609988936507143
20.430385831012568
15.293252315508781
6.675806667504739
10.327215460747112
9.659460464799519
22.536367940966212
25.837940449750953
6.801790045016350
2.349468870716855
15.239938287176168
15.862521637632753
12.732798814183468
7.589855483542128
12.438302241935533
4.346879111764428
0.249832586501649
29.224507764086368
10.783079682748337
5.787935191201012
5.158852387759301
18.948405196400557
2.157811961210250
14.140557026556024
7.925912085420418
16.976064639620517
23.573757294832621
4.643939892129944
15.367715923752506
20.090071813710995
21.557535146622705
11.977704850480752
6.961443061922421
10.838121907710153
25.689536711987824
17.288658524997832
10.659257491426203
13.189879463608314
15.126598963572915
18.461047551343704
16.539348335256495
3.366537251680403
7.323569177800586
2.272147139195424
12.956392738947832
20.761871434637285
7.619026252356830
13.206225326380798
13.835150335372958
18.371671912899089
23.803127752525327
16.994002737102107
0.245645646120261
20.151972482983020
5.134559752947913
8.171557733868974
8.128037110496326
28.708317049643171
12.815497640900075
25.495753038439783
21.798388854040940
8.373032777743893
9.473457888454877
27.759831928536222
5.372829802042260
32.324420497438133
23.338575262268346
17.032087308369618
9.316848861666793
3.175089406862429
6.493134847606131
25.856197212290109
5.541626661336805
14.816704028666351
2.128344341706647
20.498019403544273
8.578575453990412
9.747370609430300
4.704244717352205
20.413725801936227
13.044611069860222
27.512678868841697
21.383455958395945
18.290256720171424
13.850377710000785
17.542288283604332
23.461814466613255
21.978414823291086
17.250605323002954
11.277312098200111
20.474167863593518
14.048994167265018
17.650344877806653
27.947625754842363
10.808826083694040
21.023174681245898
20.074595152435165
31.819824808658950
22.697836100914440
8.391444019224231
2.032405937105602
19.548396830236722
3.247641219407151
8.574032601702037
6.365100861697038
7.375985563907763
27.072052005711967
13.943676316618772
14.123356175200719
2.776296713285282
6.357402107844784
1.167967234816391
21.474701953341576
25.447458715852093
29.362384750676515
11.325079654960460
10.307418913723630
19.920038428585993
5.303494467541340
28.558024239986214
1.197350515610240
26.777662333928813
11.607018406785567
15.847695392951225
22.725288076198332
20.415844492807910
10.870870064418229
18.799883231427472
19.273161022585434
30.561515709646748
34.560616561007045
21.305566962485003
16.474528879613864
6.438968464005261
2.879599553476833
23.839629744104872
11.814954029775667
4.951651550341231
10.783306062586279
23.938310218014898
3.727948263626528
14.140708171828045
27.106277455625257
2.202650207654873
7.905838813588876
28.762009186559361
21.215322052228878
16.213257729640826
12.484539832214148
20.831224347386151
17.771281970558352
12.681890349687031
16.608886670139100
3.378300368496360
2.529585732393701
11.334174747268751
19.794144860372942
9.400455810316121
3.134057968451669
14.067305886218001
8.326587859693259
12.962690964789456
17.450088633433953
22.801116740704106
7.764353675192380
12.252472405905124
19.640746486671613
18.579307707296365
14.204123957643333
28.424052551120550
15.517617915066712
15.932072236171027
14.564760711772720
14.623895373020275
20.134722446619865
22.470599528155571
8.188396776648425
15.548714460594908
27.148952737985624
27.352660592343963
32.860296426275880
11.333086763198066
13.924790657090391
21.767659366953964
11.165667665268140
13.729623758573840
31.852428757051200
29.878746413103652
23.143929582156208
9.034174538699059
18.841769000441658
30.110728558670139
12.046451000052716
34.049717778828793
