1.840187717154710
1.394382926819093
1.783099223758606
1.798440033476073
1.911647357936784
1.197551369293384
1.335222755714889
1.768229594811904
1.277774710803188
1.553969955795431
1.477397051862160
1.628870924761924
1.364784472791843
1.513400910195616
1.952229725174713
1.916195068003701
1.635711727959901
1.717296929432683
1.141602555355803
1.606968876257059
1.016300571624330
1.242886770629737
1.137231576786019
1.804176754226990
1.156679089254085
1.400944394246183
1.129790446781456
1.108808802025769
1.998924518003559
1.218256905310907
1.512932394404398
1.839112234692607
1.612639832595661
1.296031617697343
1.637552267703019
1.524287190066784
1.493582986990727
1.972775023883570
1.292516784413027
1.771357697793915
1.526744979213339
1.769913836275187
1.400228622090178
1.891529452005182
1.283314746005142
1.352458347264891
1.807724520008883
1.919026473965042
1.069755276231912
1.949327075364686
1.525995350222101
1.086055847856242
1.192213845994423
1.663226927008120
1.890232602548894
1.348892935248508
1.064171320788642
1.020023048864688
1.457701737274277
1.063095838326540
1.238279954175595
1.970634131678676
1.902208073484808
1.850919786771256
1.266665749376018
1.539760340722166
1.375206976372379
1.760248736366745
1.512535364140074
1.667723760785406
1.531606434160660
1.039280343353413
1.437637596594932
1.931835056250838
1.930809795358595
1.720952343065735
1.284293403050067
1.738534314901817
1.639978816565116
1.354048679747641
1.687861390266503
1.165974166321556
1.440104527603884
1.880075236260926
1.829201093329676
1.330337129687116
1.228968171043772
1.893372414583979
1.350360178551804
1.686669908318049
1.956468252910519
1.588640133193061
1.657304039531063
1.858676325929666
1.439559919498656
1.923969788907082
1.398436666651832
1.814766896336697
1.684218525273827
1.910972030791907
1.482490656656442
1.215824958968826
1.950252374145320
1.920128253717035
1.147660014754003
1.881062169503915
1.641080596317109
1.431953418269732
1.619596483940071
1.281059412416564
1.786002098017373
1.307457873740912
1.447033579203781
1.226106625155595
1.187533109536177
1.276234672067796
1.556443755308373
1.416501280579949
1.169607086186114
1.906803933860177
1.103171188432337
1.126075339096633
1.495444066587577
1.760475228429062
1.984751665026300
1.935003986551894
1.684445016870482
1.383188331212470
1.749770882422929
1.368663541678648
1.294160362004377
1.232261538613709
1.584488500647474
1.244412735684036
1.152389791865083
1.732148515867138
1.125474904722290
1.793470388182192
1.164101933671209
1.745071389128022
1.074529800598756
1.950104031688582
1.052529262403273
1.521563379802538
1.176210656378516
1.240062372405111
1.797798051870334
1.732654411686889
1.656563652985060
1.967405138522110
1.639458345547066
1.759734841883059
1.093480477153082
1.134902411668982
1.520210069846460
1.078232141713720
1.069906397755214
1.204655086251281
1.461420473391852
1.819677280178143
1.573318628395590
1.755580835396229
1.051938818791853
1.157807128577403
1.999993571080264
1.204328610656936
1.889955644444542
1.125468475802554
1.997798999304790
1.054057577650090
1.870539864930576
1.072328799437885
1.004161608873011
1.923069127333848
1.593892179240422
1.180372265717188
1.163131499273298
1.391690230645095
1.913026677404077
1.819695152724020
1.359095368701543
1.552485022485482
1.579429994141418
1.452575845854625
1.687387434620125
1.099640063522216
1.530807988034006
1.757293832375339
1.304295149773497
1.992228461425858
1.576971112553482
1.877613778169087
1.747809296356425
1.628909931345335
1.035420906746490
1.747802866971028
1.833238542002271
1.925376551191032
1.873271342773582
1.831037540841399
1.979434129306783
1.743811207238497
1.903366340279284
1.983595738179794
1.666880334572345
1.497258519054045
1.163968003431320
1.830011833845643
1.888948750164801
1.076994680835397
1.649706986104002
1.248044118400684
1.629479703320879
1.229136979779758
1.700619964720970
1.316867137475343
1.328777043301974
1.231427952289315
1.074160969850682
1.633072193541132
1.223656413249512
1.651132082404165
1.510685971244558
1.971465709605937
1.280042013283839
1.546106877991048
1.719268576111304
1.113280554820449
1.471483429182080
1.592539918884886
1.944318096127509
1.450917558023202
1.336351125657722
1.847684435941132
1.434513295737334
1.003231459764406
1.344942954995177
1.598481299634316
1.833243294075710
1.233891704694317
1.675475980469713
1.482950279714051
1.481935823095001
1.304955683324931
1.712087259959470
1.182555787350310
1.621822821265935
1.040864302795783
1.413983739639625
1.695983791116618
1.673936496336915
1.637640152889136
1.347115873055121
1.184622467581472
1.609105862029412
1.627157886338960
1.730729345572521
1.328374438140716
1.740438441159408
1.202212774288940
1.920914357025602
1.684756536821256
1.653130332312142
1.257265482217663
1.532440972762388
1.087643628049476
1.260496942447730
1.877383927757565
1.686124927683792
1.093740236057779
1.111275631986221
1.361600907687843
1.576690515771830
1.593211455081222
1.666556591012774
1.288777775265639
1.775767242897194
1.288379411813048
1.329642078527083
1.189750982071157
1.984363202929666
1.003578574398336
1.827391135425955
1.331479075519125
1.188201041979809
1.436496996989705
1.958636961858085
1.918930388017991
1.764871435130421
1.699075403017493
1.121143161841269
1.685785791690362
1.383831939373087
1.774273494619072
1.943051274373686
1.916272912135475
1.861917122668548
1.203548216355754
1.793656839427378
1.548042049886678
1.297288452413533
1.904932471413600
1.909642957574522
1.873978968185363
1.498143926494822
1.576199548121635
1.162756743451002
1.273911168926354
1.864578960400344
1.492398821978084
1.463662150997511
1.848942162864349
1.495977396376420
1.291053285957805
1.180421238383474
1.684178438821891
1.727550283413171
1.139058199775898
1.603108826374220
1.492421718077930
1.838133602793391
1.724251988215489
1.178207509768292
1.221965542166478
1.498525482368900
1.121258783676316
1.138238453836291
1.360442604571787
1.324807000032071
1.931895293729331
1.908484654458465
1.622095452445603
1.836827764677269
1.818127611567326
1.496074420165305
1.334971690706430
1.394327159688960
1.658831163616307
1.608882859632784
1.258906119623644
1.151229985128730
1.072545010630295
1.107848282022331
1.647207381970811
1.363598296588100
1.288269520405805
1.331385820327041
1.091148579535609
1.427327720647365
1.934494646701261
1.583570298079201
1.265461322975094
1.658746634451089
1.761777807847493
1.487426865141572
1.157272116819989
1.883036591523810
1.625665319443525
1.517714721391776
1.207843591090219
1.557560612707194
1.426199375850241
1.829939043535822
1.394388376918802
1.244326986951906
1.326013463235467
1.729360068090893
1.638654146640866
1.984844627317434
1.338242927258016
1.897560266264509
1.136074611980503
1.410787937888311
1.005408548286841
1.783281993951314
1.774386234942072
1.293678068692646
1.114667813812694
1.865534814477682
1.721005789340011
1.049162460048293
1.449105112091222
1.986467112780766
1.707909094965043
1.210882919473053
1.473893977456677
1.865181211785032
1.093919510531202
1.099559296434540
1.382895932711147
1.301763101621421
1.657119909141734
1.809095308561388
1.131702144691582
1.051508286060536
1.053422295513294
1.457715608392710
1.780868354151430
1.692076442154160
1.442560235244483
1.119111280943784
1.589636708418670
1.578634847224986
1.529899219297757
1.595045256705510
1.361916841176300
1.304285453774168
1.888723325398156
1.476584654988993
1.169820267786188
1.609729114738167
1.525747115502948
1.618925380343071
1.596196227053272
1.233656210002329
1.829808299816124
1.070090204044287
1.098837421321700
1.923727810812987
1.169649500944488
1.481733354032847
1.225490911968747
1.826769410086223
1.290828662594235
1.357193057125990
1.878277696146759
1.344250958107529
1.814908665518700
1.659146049832528
1.036327399796027
1.257468900297521
1.778257331241973
1.625964108214697
1.836103747522507
1.308156550074069
1.221009364454546
1.198020588233145
1.612442003848237
1.109732689852702
1.674605243687800
1.782262271634425
1.719461804590869
1.200352358725086
1.401187651511835
1.315658031178479
1.434008568727415
1.230995951327959
1.385748235222766
1.532845990049115
1.154723761675285
1.555397736167255
1.014579343616301
1.380214673644032
1.382167146253477
1.305408006210536
1.737407730770022
1.260444841934575
1.649658964318065
1.552316395823060
1.919590892232764
1.685986364579753
1.809785296120581
1.697848223009076
1.311950472328789
1.645889043643088
1.006004772617484
1.532959837248996
1.843909631876233
1.618446776465721
1.642692527101698
1.518514875098371
1.400709047634485
1.362154331226905
1.718867233823457
1.801896699611981
1.677812362405384
1.152875802085211
1.032892650474279
1.063560597162489
1.685721792134327
1.187616412149564
1.618958333795405
1.700301136216289
1.567831085793595
1.001125479583221
1.005709141961163
1.305238816563617
1.261570321517796
1.655368106744889
1.857555212386677
1.181161213284899
1.341354470858981
1.667340508507257
1.879009436293975
1.653304943187770
1.313229551684684
1.885014208911459
1.186264779971105
1.157139183095256
1.503460984911519
1.828957307072802
1.675654058659288
1.904170033011665
1.191111637834046
1.394521292017084
1.706066732157984
1.868924000239430
1.547397094567957
1.738959382632263
1.932484597867580
1.233118886236622
1.926575794781826
1.551442931197324
1.933420022452911
1.494406880109760
1.552568410780546
1.939129164879736
1.799645696673377
1.814138732298342
1.594497271158964
1.657200909060054
1.995299946048902
1.935851742017945
1.324541417101650
1.874309381877216
1.589156684740054
1.637770968786334
1.759323590788675
1.775421465176819
1.794910151881590
1.262784575234533
1.604378771783960
1.470564210075217
1.166954607780536
1.795490410083667
1.865085502557962
1.873021339938520
1.664414409857436
1.412482596660258
1.611980722105121
1.596899007259355
1.645601482896880
1.538556516421287
1.148341937991018
1.579021505349791
1.032963396531047
1.700910348771564
1.518150669763866
1.832609093204424
1.515049081069906
1.112647940457169
1.489810001798817
1.510349026653147
1.048499682009453
1.814351418900467
1.384658408064702
1.637656366749507
1.452122387221140
1.143981998387716
1.413077831460665
1.247032539102730
1.406766574087910
1.017456603244625
1.717596749177946
1.573721181868446
1.812947013328293
1.582682251270247
1.446742521806966
1.477361422720068
1.995164847930504
1.058723243446426
1.074260429979423
1.640766330827384
1.597279760333374
1.222602367970442
1.219787835711514
1.630243156864421
1.923512717207667
1.737938505475381
1.462852249603184
1.438561797811911
1.850586445932550
1.952662251867662
1.948910824465058
1.899086127942002
1.767013670302468
1.333569232064099
1.536742494225848
1.219136057523608
1.477551230917476
1.949820326152174
1.466168596626338
1.884317805005385
1.967276929396799
1.183765345338623
1.458038986408170
1.780223942259431
1.766447597074531
1.904781508215136
1.257585364513838
1.761612444539374
1.963504752127223
1.331845794493261
1.402378774901097
1.560784511994936
1.554448162929364
1.622166610612612
1.191027668393696
1.477960879671369
1.360105115622331
1.653879917996880
1.916522677483281
1.210691561089219
1.606542169398881
1.865433501482678
1.109777688565560
1.373555839701349
1.199002733081115
1.646520183257070
1.592691897224957
1.676553963998590
1.596340508943582
1.058860493385634
1.560871768538315
1.563617437874720
1.242625838724256
1.018910754946485
1.343841379668490
1.009073435333126
1.923692263161620
1.601426744182327
1.770685880338161
1.887197014823182
1.933272539141249
1.173064654773597
1.447981526352456
1.487720701604951
1.795231265851870
1.639009194746152
1.965681581276321
1.155336381008540
1.292889112743032
1.882204258293940
1.366027942563420
1.899431282141912
1.747637759310956
1.475805631128981
1.272987121377600
1.946640492392071
1.122325813920389
1.865679018602557
1.623194456390662
1.718666322863971
1.924539511988191
1.184066224463315
1.282283760273030
1.167165350712447
1.202976979409800
1.626125139941520
1.176238786045573
1.126669242571420
1.227551884123847
1.946924666383734
1.013866256928941
1.160824422799435
1.119989321157331
1.461847783747058
1.648545124404386
1.915220587009201
1.100856978027549
1.614226705215046
1.070556967552079
1.393746090770581
1.496430963043324
1.436584910115499
1.293177372912493
1.244068721888619
1.912390541710141
1.566164494290093
1.190709213815028
1.034716355164869
1.431843512892650
1.813903670205690
1.753382678494501
1.356383024415180
1.997969895134666
1.035666438301870
1.523548375127627
1.200946874078804
1.661791578709051
1.699787161638861
1.327616116650224
1.889343462832898
1.646711827556934
1.341482374044825
1.050167885166671
1.766701148714265
1.803330157791884
1.698713009571057
1.681921735257805
1.904187135819433
1.312939714320442
1.752478703275546
1.297933226590014
1.809370677363766
1.189063612925384
1.591110599502507
1.053439398786723
1.101454154169864
1.157275093326939
1.244148612601752
1.136170509800394
1.589118606219589
1.058052282807441
1.889553188294895
1.945501631100430
1.056022177476446
1.925219626596765
1.469050005762395
1.256969051555250
1.587011204840155
1.168837166935595
1.584585168671135
1.476354667207391
1.815548994958191
1.926067542715961
1.526522552374062
1.582250143206795
1.729397700042183
1.225235561479458
1.264171878464600
1.633584835395955
1.538175275799900
1.016650581274485
1.931518061985969
1.347545952698004
1.205714194199869
1.522628661022814
1.400985351484728
1.307168348835394
1.679903754815415
1.645133964552141
1.443338858635788
1.269022360569342
1.703186247359582
1.332892046465022
1.214523991204111
1.759208424836029
1.258111672596127
1.683573997432168
1.016177475925618
1.845122877901943
1.852411164367763
1.600762644596753
1.321477544643673
1.667960158860292
1.526830186847053
1.848000097483397
1.250210302067087
1.256227886423575
1.073235658497194
1.514382180531687
1.889812722285191
1.611410934762755
1.531032761806172
1.821330783805498
1.958956887460759
1.736746956006040
1.343959444828313
1.359942238945487
1.043915304375773
1.023863199178066
1.005076203031967
1.487254163011561
1.292885559747408
1.708262450391549
1.820146209476584
1.507409551417180
1.467470874761916
1.078257882072710
1.190983548383687
1.483648350687534
1.923380759974653
1.043394712285788
1.084410995284287
1.244858304152665
1.711354871611742
1.611241182131339
1.092858401170400
1.961565173678829
1.867469069020575
1.166094060133255
1.475947353744855
1.757281790840105
1.777504994896010
1.006980115085365
1.578612574179942
1.736461881891108
1.743727071091405
1.922572019008255
1.096404120370934
1.787642375932840
1.946435218186320
1.101480323402900
1.274896538478740
1.239320777933728
1.809742773794449
1.095042747955324
1.746730329350908
1.277213648090704
1.173300630028034
1.937713877734595
1.760861999243899
1.096681389537026
1.981108590020383
1.845272994528186
1.341539693689691
1.692463461166464
1.456514176193864
1.434398095325752
1.654028634379631
1.323983244748778
1.600492155459007
1.129975987658825
1.081265035123222
1.377997149889356
1.136956102744190
1.659877609768825
1.114459031314803
1.880683174301257
1.582449628311419
1.210863152151398
1.668325549768436
1.528884846497739
1.312343475554298
1.943222088247175
1.768205624431467
1.122086249348748
1.038264835736838
1.514935953316715
1.399299897439452
1.211565465764872
1.452649830585648
1.160161896217690
1.308246855301897
1.433758420140370
1.005434890280215
1.649786549457249
1.126221881306833
1.461949066939740
1.084184644317340
1.780250515686465
1.785932311688518
1.684676799776348
1.910226503810951
1.867197347277401
1.062673949200043
1.047182606089480
1.527074956580566
1.177132980514845
1.927865780390737
1.109524584426323
1.387996132666243
1.596191329693511
1.638409430924062
1.700339608686203
1.539413417940686
1.406615054889869
1.822425858034951
1.577678253677524
1.921551008206583
1.221725755008741
1.789243719908057
1.374200838326570
1.381887651692092
1.097490574744293
1.807959258932601
1.387322541972307
1.747277124201542
1.934181140239435
1.849271608912047
1.831461768518883
1.714431655460238
1.635203920600565
1.516138567829569
1.624658158805528
1.502401267412306
1.578812517029612
1.671840765360669
1.029476223527210
1.755945498010118
1.599706545285744
1.139000807953533
1.143941630210700
1.195897874979255
1.777410239343257
1.844281238896903
1.735311292919941
1.184025293767464
1.666707096466193
1.312989546131804
1.105576301974047
1.888432851940595
1.102233265574199
1.479777140300617
1.270320503167026
1.199723840784153
1.287736398767557
1.657643045139333
1.947000964985695
1.221917538541331
1.506914654051380
1.778462733504578
1.936349194467230
1.142118574186283
1.294601300868486
1.561007352807097
1.644519841598589
1.873413818363759
1.232848117702104
1.673996065125799
1.629359315908216
1.832554663453509
1.812996873079332
1.773300946118916
1.028452537967103
1.590407111956928
1.617582185015819
1.763763830887044
1.774432406190053
1.284289281016350
1.076753376553186
1.880008708164100
1.172722132491284
1.178986642593046
1.359785847999056
1.443042635658310
1.378710483377199
1.647522247232274
1.100685680797643
1.325711447897233
1.869439785773605
1.607600334849022
1.104174180936149
1.805788979775174
1.749718909035306
1.398775482270296
1.366796332582271
1.394238750168233
1.272189300168394
1.599644450284375
1.068234814828371
1.901548616076609
1.432199113272223
1.881231687907703
1.674849561729864
1.460651651239326
1.471638799864631
1.292431746280022
1.224415481660708
1.246071205589022
1.576721027762034
1.301168858679556
1.126079913287461
1.749443160253318
1.480155501272602
1.485865761286516
1.192485795911628
1.858865984649801
1.133388008053130
1.293171476709271
1.184577432081372
1.002827793826734
1.900771811558293
1.288751613483183
1.808616773601909
1.650490720127938
1.687527095753479
1.175413105718518
1.044729469830510
1.959716395921873
1.775057556468555
1.112964284658881
1.861265011532821
1.207256669275117
1.994195972566584
1.536114572797024
1.667908320980104
1.465834771965553
1.828546319542707
1.892323802640812
1.711905977554576
1.405267346839079
1.193492660854707
1.837985890842036
1.154710506626736
1.673648162127308
1.323851652128553
1.347196302538364
1.532514146311448
1.457239660181682
1.640367779247634
1.717091578858482
1.460067454008417
1.541139590340266
1.005843191876003
1.268684227610326
1.191630310002542
1.693370287629482
1.444097333328844
1.236359779833052
1.653086683085694
1.219154889331737
1.349324064491933
1.514351694152854
1.426411559072515
1.343520037058517
1.050466266484217
1.094319879586957
1.809354809024071
1.879012586026924
1.986643682227770
1.521260786578646
1.284279932400342
1.180136343082477
1.359246676955021
1.438990439492739
1.853784505209785
1.683098329083574
1.786186742031102
1.386298651521233
1.140337989265257
1.426554521278736
1.103390229914053
1.600405443273674
1.967694111619002
1.109233421790057
1.869089670883999
1.159324421621545
1.802603709419539
1.313187004212843
1.395684201454597
1.455690392039572
1.532341893544580
1.745008266412191
1.970042086192426
1.958753452617095
1.088528303005047
1.020508352210982
1.053073331738391
1.897883112029118
1.899520938703567
1.039717013966160
1.419143898142103
1.183800870638248
1.219853357048637
1.778390575562786
1.622791310130987
1.073637861792761
1.461488904180698
1.408978052162089
1.459936513313994
1.601826893445955
1.835532573440826
1.563326743228048
1.202232336719629
1.803226684594167
1.672560165018104
1.071322007137966
1.962551106215711
1.475163873971982
1.384509011350809
1.358235307670308
1.930854266011554
1.916850905361050
1.103243573616838
1.900896351738319
1.875604357512484
1.191771876621885
1.921404704414962
1.928677689716535
1.089654988185342
1.820925642652868
1.968394703682696
1.508798886793106
1.004726512825455
1.188248060265672
1.287189461890231
1.627517823422103
1.261885922058432
1.748678366070929
1.036495875118531
1.721822435838088
1.350505259516884
1.872028448559357
1.285149178600474
1.552737596236513
1.675255132687862
1.957709344084239
1.624059603374479
1.637806238903574
1.432873217590560
1.008568614725288
1.996041546573882
1.363727483602114
1.925419520086339
1.099285119725058
1.264623834874771
1.801023877133161
1.291056996346944
1.186028538824072
1.729701566384035
1.380711984532285
1.006954181011279
1.698096269601070
1.889510871325392
1.011680694302395
1.886344329866741
1.176700332749961
1.639198517724498
1.148230251925173
1.925378699286552
1.675694392843030
1.870052687763261
1.275883958337774
1.547722840936725
1.155201865898074
1.828621554574287
1.222977973158927
1.112911209516652
1.452681157483105
1.860784212062501
1.545784427572873
1.461249772208393
1.856825758170721
1.909511911174986
1.386669291829071
1.956110877895779
1.174135745584097
1.187693168962231
1.247167873777062
1.360164284873830
1.917394735346266
1.627879858775009
1.367118465885109
1.615491004947336
1.517390729634739
1.378799160187505
1.501835334348416
1.694091062850361
1.017997677446342
1.650065586273589
1.619469761671251
1.693692070289372
1.520118273571189
1.895353720009026
1.241414910760436
1.675320139934924
1.723975274117652
1.464392884385024
1.788231349451575
1.176656431135096
1.325177095981863
1.334015776558787
1.637906203809151
1.182002854152584
1.243527687268112
1.024575495172560
1.138113731582702
1.417663433317870
1.212268664134792
1.385281605825425
1.777827718191700
1.129663399481058
1.013161464134772
1.144946183611148
1.745154404428394
1.530552193769511
1.523745344264314
1.246989738311148
1.224643256154211
1.541743021710656
1.897055325050399
1.844113017825463
1.235435092000028
1.417173598155926
1.739466737368827
1.476850002760463
1.092493737625188
1.463442011020818
1.941242887145487
1.880725087542424
1.640098442621575
1.266419983127350
1.214740863635550
1.278004645965064
1.448422837279934
1.458268551369323
1.302580141137624
1.586536568862636
1.875931984687192
1.514848805738077
1.971818174688061
1.653759702413231
1.644512205219135
1.984979638822833
1.798705886024379
1.389666609181867
1.515531832592344
1.322451229823032
1.636656347493015
1.740175088746555
1.864194251999349
1.533711672077752
1.584288106572017
1.099629343533716
1.950885270699340
1.323754843475183
1.576479346294179
1.043379007858866
1.787196854961662
1.517722233439666
1.924104095401291
1.427295297117576
1.784142216567016
1.138844959036841
1.705299943082640
1.232565053381289
1.597113510406163
1.007880083754603
1.819101622243925
1.473045494627694
1.522728889492680
1.790919796931986
1.126805196575264
1.167241094246153
1.775899435289157
1.925511082599643
1.556907703428021
1.291431267415840
1.247962312422675
1.193564050921036
1.031606356162394
1.112156563956363
1.727275722998789
1.615894462734412
1.211785907490079
1.678160993232467
1.939649306209595
1.788265253784258
1.721540001556994
1.726846160705595
1.305987486758263
1.645644096492624
1.154141457357510
1.090129702859619
1.784489055529465
1.859441400440150
1.322694756240907
1.381602565469966
1.867321484660414
1.141796378484832
1.854648060097661
1.390050373687432
1.932716175416818
1.981453256672925
1.557291468399247
1.708615610240314
1.906964339272568
1.114199171361606
1.000046877656154
1.154926651229582
1.307763222282642
1.031653233818548
1.267083215185945
1.035038945281431
1.647547696552960
1.478869122676025
1.713199938513897
1.587197002296894
1.267134375994622
1.434739939605230
1.314043163002489
1.573121863218547
1.080384036097854
1.468184620359998
1.663251566078165
1.864873091627319
1.327626020800148
1.985946322784734
1.246475657097285
1.194947504994901
1.127742700803905
1.101123716729285
1.584997878682333
1.060458875755062
1.082576973402210
1.142289346615919
1.769074485995376
1.989541312674778
1.256488518443186
1.769121363651529
1.144467963438699
1.564251740725828
1.800774597470078
1.411551178624645
1.599290686007259
1.448322293557377
1.890420301300669
1.312490624521156
1.035519295854270
1.157554676829630
1.747230564126387
1.349562458856759
1.730676540048177
1.827614600224241
1.817747079216757
1.393928106126342
1.692487691851560
1.145373099551244
1.379874428445415
1.938963348948845
1.340320604546145
1.507617129249320
1.040087065212469
1.925318483694139
1.568076005004382
1.122664038614679
1.067607829844397
1.337150490534096
1.112205350823796
1.324096348287582
1.106271854185626
1.256673314262495
1.888348089479072
1.907046451655704
1.668224492887139
1.487638775020670
1.355368745213080
1.558644793722147
1.800129399541826
1.390888041067351
1.716199471017439
1.547359963668212
1.740450499924109
1.446876010599954
1.374974563426792
1.558197578675206
1.840804116726296
1.067462254812691
1.703570678692111
1.220678544706050
1.006425603295874
1.043891282772595
1.728295673955369
1.046512668974005
1.969209766466734
1.296371678494090
1.169176707588684
1.036817596311130
1.633522169493848
1.281382058878141
1.360913944598713
1.739794023679473
1.538055373140637
1.249262033612124
1.646840474869516
1.206279866027776
1.736900809098455
1.002209219616935
1.764924659749924
1.537030208174619
1.393097260684286
1.481124130301701
1.084390171377170
1.133547760142734
1.928000141367316
1.459364735269623
1.691745339283601
1.768804257627951
1.526826990082314
1.395316017510051
1.989482802799662
1.533252593843850
1.439207300282646
1.717778476289370
1.579765262817855
1.408417066749380
1.014150154783460
1.748941970406539
1.445234663060510
1.647672324277308
1.030324028819019
1.806148607659223
1.387466347491120
1.568379402425317
1.055410641271347
1.034306821894975
1.774659268453093
1.792311450369801
1.036516041977571
1.539583927737355
1.329341658078759
1.429613302661857
1.020708058039056
1.413731829921590
1.563161063270253
1.948708199406373
1.873096565191213
1.254906402088193
1.717512456568662
1.399923554807866
1.650222419598243
1.706995258902663
1.933176148651715
1.089429719415228
1.424773735192033
1.512941411003909
1.497846786164607
1.438923889975494
1.261883381410448
1.943081449225117
1.086596213787140
1.292207410229467
1.749230056884340
1.474062561278261
1.860586812654784
1.804640698155687
1.508369383173235
1.635246080642215
1.596952148059827
1.544885425150807
1.174830008379570
1.926293806138585
1.974498728278325
1.195538066418626
1.340025635594514
1.537659791082917
1.144246265359337
1.213122200320066
1.792566193171109
1.861758721928000
1.613045755593593
1.442788612303691
1.568753980830663
1.546221903779647
1.532218331718919
1.993527716022696
1.059163314783556
1.030065117883526
1.432451605532529
1.321046696194004
1.973146567108643
1.519047819319669
1.613254106423470
1.722376623527322
1.993110380597930
1.473840919078254
1.527017321217348
1.501479763305504
1.109086999254807
1.123969468811513
1.046365188456311
1.283917007634378
1.050263274950098
1.020863916268975
1.479455074053004
1.390288910544612
1.558523707351891
1.623701339412341
1.603411111330339
1.351089900057339
1.485460061340341
1.216456866458271
1.793878512361030
1.054214041705343
1.762678770237919
1.326096843614288
1.047741757262378
1.821842085021474
1.356161961497814
1.480193362794906
1.142888780749817
1.329308528606458
1.999241182114575
1.756142887638948
1.051685151668119
1.992351562246844
1.229983806251541
1.578702473351128
1.493831325086686
1.339070805506348
1.702671942162640
1.540196513542997
1.622987813606387
1.752935217112738
1.561060429811971
1.102442887193730
1.143224127657350
1.119584136698201
1.726144227071732
1.746635238987690
1.470674036755540
1.211604287946412
1.963092105445960
1.264552548650909
1.265818329651756
1.725770875218218
1.590649392730859
1.313560086914133
1.547612960239692
1.946811354228673
1.793753449709040
1.690501740989509
1.276119882369470
1.792994631357954
1.446644628162796
1.327805034503250
1.785346193139137
1.676628434414337
1.906507507854378
1.279177517760162
1.015699239920685
1.609179449551357
1.819374031768820
1.638687053527072
1.362114666664095
1.380434461115130
1.741129940720801
1.505338794321445
1.500018598278993
1.467274167326872
1.251974032843473
1.970692635034534
1.678878455273285
1.215066137823773
1.235245183685443
1.944696784925040
1.940837013041990
1.825894576416302
1.258256871373512
1.488449972816021
1.772705930179314
1.052010320616891
1.178951713805530
1.048825812548783
1.845004951974845
1.625596341968326
1.376630847052033
1.630351144648321
1.302224776382663
1.283138354440750
1.909528662874144
1.317924016303347
1.892317803992106
1.728902694177303
1.956611069830419
1.254432470190540
1.109337154826772
1.697741010085559
1.759771264511985
1.609355753105765
1.165015177412431
1.011745296889798
1.580048388140299
1.843893632685716
1.226811434713570
1.815293571825741
1.788590417610756
1.167648447755560
1.641188147776382
1.046847288518607
1.656098420571582
1.413894077490035
1.098857609601159
1.835050134377112
1.462719890038818
1.943862561576005
1.460646476345438
1.839350737090852
1.574213706224325
1.762871252728101
1.122489091065940
1.483742368632808
1.080795268565787
1.014806895058046
1.212645062344449
1.037406337930544
1.269239365248587
1.321982217171221
1.735147348016103
1.029010629760572
1.931337970742648
1.900162525428535
1.040755926650369
1.511386358417285
1.744056158114251
1.267567361829601
1.326679929777365
1.532646575259346
1.435215809585161
1.967868077553747
1.579493863777953
1.091314229691082
1.381762154578120
1.678351473379113
1.926364364533855
1.844482045082600
1.622214034955117
1.387010840413631
1.683832781707790
1.196427740713781
1.149882092676071
1.806321873239392
1.680170109346588
1.230677361241857
1.821128768297438
1.892815171691037
1.268083699172402
1.090368133080363
1.214797388396597
1.003231046722844
1.119378762840935
1.146135358673583
1.903393572617040
1.160134689956966
1.657521717090868
1.647449730265629
1.427702051786567
1.984201646868233
1.180096305059314
1.862917861371729
1.952069723956319
1.759590168837267
1.954232091062810
1.333831878534440
1.437941642216380
1.880596455131004
1.178313923151378
1.060155676705835
1.267607295078974
1.862146704859168
1.256583417419616
1.417489387755045
1.668468577632899
1.936753526766204
1.648166748996902
1.489597345464675
1.829568697991580
1.916250448169303
1.579965479010700
1.044366085922516
1.919481495357808
1.699344241851635
1.190501445061761
1.822875067509187
1.859478931808602
1.848023162152629
1.470324797309155
1.287180983129507
1.832224809020862
1.650421102368469
1.150098844035575
1.784294532511520
1.410011270740075
1.104330935098385
1.118126410580299
1.847952912956454
1.984927390229389
1.296440333731677
1.908108589662290
1.252534685308363
1.158587038590846
1.164692006616244
1.670024073063407
1.827055616223745
1.101445532916787
1.318190822060309
1.316652961688420
1.931014230908367
1.234441269763951
1.896618440699120
1.975380317296544
1.153922764656098
1.595962682085094
1.165881761892644
1.976797832165285
1.455441613893696
1.013904923579611
1.447122629008779
1.742622597023203
1.846129732600474
1.097543730911586
1.892721441524439
1.630424265111994
1.507555002117322
1.997052376622824
1.748550675692293
1.355507914608115
1.981979766386552
1.044991009423971
1.263616504270405
1.234514451229253
1.203578048014817
1.428308510886649
1.904538524758322
1.030633663772900
1.529754044269097
1.222729346352969
1.347286625461321
1.460768274711803
1.457170616116920
1.243905065694780
1.436148591542686
1.611093381238679
1.839867748245535
1.602030353435329
1.587891212938303
1.295309361673570
1.615935277480602
1.035013841947081
1.037931958231112
1.462065009615414
1.132557572858668
1.930653399755551
1.092489274261747
1.640112574975990
1.927705775912714
1.841039950419701
1.995620490049767
1.909685542299266
1.886030959843672
1.259236993854510
1.144199993062857
1.089609007392828
1.687545504741159
1.048738517355518
1.120242671165728
1.217299548544595
1.271467863708487
1.467529297092710
1.678067823722059
1.728638480291068
1.711434362787490
1.114216414799083
1.339731861064086
1.551302110567364
1.716246768700074
1.927623074002388
1.846611472240934
1.332182045715014
1.962636915949470
1.884543430937707
1.794247055330429
1.095194488808138
1.815196830227597
1.886736330057837
1.735307063784127
1.742902606140311
1.727776280011878
1.730927553368233
1.652588147973916
1.613807239389889
1.990164547222743
1.796788141036773
1.703416246782717
1.677710051963902
1.845526658857952
1.823658917948445
1.895009600508497
1.116994522100778
1.291188214575494
1.573077423764894
1.845633002391845
1.002622577362984
1.687293839029639
1.185364862990270
1.553924687930348
1.403540607264051
1.112987936992658
1.400536160171282
1.735722652979066
1.075624852476467
1.285079590643327
1.529969707843833
1.170819341284604
1.100276420405263
1.416706037436009
1.906126405534393
1.843179026545574
1.144482316982226
1.637053958436965
1.495767174053829
1.758289556372114
1.627218505659708
1.292555315090602
1.461705802689169
1.304928557157949
1.138081973482893
1.285364720637614
1.199938157200785
1.255076495583670
1.576552935213108
1.773015581431340
1.100709497975516
1.579175512576092
1.460309419995318
1.286074360965786
1.133100200506439
1.863850027259369
1.399062297958444
1.533636360677721
1.599572679772774
1.474687150900572
1.818715951321049
1.129542387150946
1.645506492185177
1.918992371726312
1.546248425052617
1.551632897253909
1.762171398271887
1.690730742034843
1.188686855690874
1.257938571860054
1.449020298406957
1.815905361350582
1.550493886950656
1.910726101096126
1.120833918042869
1.688575860433549
1.196090821268079
1.320772075243654
1.943652356482880
1.772643756946849
1.093787656209333
1.044361853992735
1.351819269057279
1.554097076204651
1.330436214958521
1.484919469563719
1.417947102998359
1.729498513382626
1.018555829775778
1.017519782305472
1.204185663817537
1.837271781096827
1.147062169922079
1.849692156002714
1.756264152823139
1.693310594974696
1.401325053256622
1.518435550629364
1.384041336543877
1.590011908947496
1.776374122489418
1.833061634950834
1.405917269832416
1.326868009440074
1.743787736046960
1.526751187875286
1.015443869407961
1.939878557315040
1.847523263118939
1.959096225890841
1.712522313796227
1.941310919793933
1.003458079417915
1.064341582853506
1.495407995532922
1.333894294842097
1.549261052417225
1.913355098996942
1.063392807759062
1.567816882658664
1.930874881302414
1.267578471576599
1.405088663289830
1.077937050758832
1.117270627113651
1.161352815647308
1.771247645733528
1.518595680370273
1.679788366276672
1.155288982277405
1.108607588852107
1.456162488766090
1.988350617228239
1.514524858684523
1.783030498206164
1.732138352809538
1.041276046094147
1.798474367614125
1.672016910124578
1.888799309678748
1.757570593504966
1.384539223455144
1.830110229007020
1.761028672922882
1.448880806308650
1.325518224074281
1.094922967299317
1.998141859191536
1.238873322605562
1.158315775058379
1.565958741384539
1.169748203907976
1.425894246634978
1.971047404674370
1.247685254666808
1.543164874214290
1.132400220321678
1.018932900400335
1.061760554118902
1.812188586598350
1.174221882677740
1.170368143436670
1.268351074898779
1.162572499440318
1.684893002121194
1.051381572639282
1.894710852715518
1.726169048681003
1.849855940719068
1.566727762374434
1.614968357894089
1.607426533758373
1.951266985829578
1.445078586435448
1.368455206215593
1.400147792138228
1.770596810509729
1.463378173980572
1.398289650864103
1.009470133115291
1.621693949038951
1.964248392248642
1.179218337023267
1.047588195673930
1.935295796457350
1.426903591690075
1.590753069888220
1.067696016313367
1.445836492090410
1.652513624007121
1.879884603377378
1.620058374768150
1.822881767443792
1.148235677810496
1.782630874674130
1.507774769564986
1.199617250915439
1.677341726923986
1.233943817780327
1.049473191168845
1.244069488832759
1.848912175674416
1.656899724927218
1.195336474196676
1.293990761644203
1.025354930677151
1.595484266334904
1.064587571688270
1.488733104657723
1.993773917199007
1.074057704803561
1.110427053696675
1.958022308981988
1.253276041826827
1.158015249370604
1.893318105439338
1.680179633982563
1.748768319258824
1.961014121752704
1.126016125607312
1.401281942800284
1.840898724664421
1.746074500841123
1.224163710244076
1.989134402940578
1.528705375049592
1.731938479809062
1.188751653390355
1.206047101507917
1.965882297589389
1.238224844559201
1.450116590340676
1.814794472798144
1.895124569486419
1.645453064537352
1.108785233976685
1.920479500163570
1.240937330872257
1.173372805664955
1.409212604821293
1.234711247605603
1.247430510934177
1.519639658517968
1.192733556587591
1.500706552761005
1.677654907888572
1.086051661561267
1.180886186277907
1.426423226681735
1.047065782848311
1.306902312350880
1.827705169482019
1.887964507978393
1.052976812726341
1.051868879260434
1.877098910453310
1.581682187775933
1.783807359069496
1.065850563378004
1.787729289283850
1.749689656193224
1.304075407937204
1.237845879158865
1.564484128525706
1.199199976957962
1.883298943696217
1.673269362502391
1.119679476655870
1.124236274102813
1.846642168633008
1.528892081477163
1.358947522174077
1.094072679101523
1.048531739529470
1.551681078761667
1.594779231862528
1.726186647418042
1.637732740322935
1.775665418606096
1.152609873634116
1.684798523171245
1.082567730491314
1.980315043581796
1.572763030683977
1.135544543217656
1.032183922376569
1.449861940671626
1.717226730993589
1.815991281911727
1.515712504049629
1.504956019811778
1.565680937639289
1.819787911986833
1.742801898970642
1.130165066164995
1.018987888479134
1.626100842201198
1.803434428667386
1.138667365600666
1.750337116769672
1.650076596834733
1.667559447077829
1.109284638478087
1.744149275936256
1.716091187072960
1.660965717239755
1.338928507798784
1.442277834025341
1.298698457097029
1.114593925939218
1.594887708125118
1.983496980268274
1.197161656430532
1.575202751241253
1.556260010952251
1.332706199648188
1.607386673617822
1.006121951158215
1.049932930176115
1.423377955063888
1.521834455673506
1.554888949987892
1.989058893168838
1.341622367194678
1.297690848492873
1.119223958868172
1.360610256139473
1.923791690694071
1.922658387535558
1.499277621740139
1.674128806998082
1.572734984370291
1.166837068352307
1.783413445476169
1.316884259840885
1.882928255425267
1.444379162250263
1.655812767639669
1.325206089450608
1.743077619347292
1.770406693578887
1.920093797575726
1.726574599615566
1.967568350009419
1.495296548351318
1.282834610102155
1.300274549191945
1.102683221503479
1.288956561260371
1.350207479368061
1.526061177033028
1.810791016933877
1.905096429355953
1.515120069736205
1.152413384128554
1.202787277383165
1.634344028604377
1.513023640268027
1.126578968077236
1.557002415674274
1.012301261542505
1.800707775075318
1.129737399578904
1.179138329894812
1.584121220551488
1.446621659885450
1.062066585320079
1.028500382336090
1.102434427059458
1.387272674770687
1.771578002149043
1.872841121104006
1.307366471880752
1.498152601298947
1.840409470647764
1.802663020232070
1.780987211401103
1.140684019839710
1.905346241735549
1.069943772195812
1.490891499207770
1.431407418302916
1.880734789595350
1.395987928563723
1.946527488039121
1.033148173258243
1.598775205946888
1.580871516177837
1.546171813526271
1.725354174024125
1.137873931852111
1.558473075068776
1.526061949099443
1.267611331431014
1.737611404963588
1.110183169185269
1.714232991316464
1.799677990283667
1.138683551521359
1.816667418841583
1.186950664588693
1.910261553670402
1.689508539479928
1.494317136469445
1.408414154503687
1.529918009662031
1.296980156235853
1.189401365439129
1.670602029501741
1.202326397971402
1.259345138100602
1.161493528709511
1.633733816274318
1.140079927230291
1.557481457273235
1.580261304313439
1.173228100488534
1.156256662754461
1.161132820025614
1.719399914014805
1.881610837244247
1.299006751877724
1.277872988617920
1.407672785878029
1.566618083774400
1.015484393115847
1.517855955063298
1.280851074625203
1.815162383865175
1.656539506584657
1.097518493001125
1.002113047988207
1.566801060255059
1.787027032481054
1.496430184923313
1.975215214758746
1.316945042143085
1.793410341159166
1.164616580197875
1.987547071644825
1.995736739130568
1.423961718298477
1.149040599888675
1.629470555404886
1.564041645528768
1.706522057161910
1.209731859252663
1.737269746017302
1.862778720382032
1.370864679278277
1.456669659566446
1.744389557160618
1.669871431621663
1.734542648184366
1.152062342572986
1.236489514930402
1.750027041300212
1.669918297636285
1.517340589555605
1.565189424699726
1.326457803755281
1.614859083022391
1.567302473153594
1.893258864010339
1.401886115037783
1.063732657611246
1.868474078769085
1.718831157180868
1.857142998770412
1.033090658501298
1.706378228825693
1.852879737900980
1.457052376799775
1.855418828714368
1.482350292840204
1.021094021862882
1.561940885876278
1.692082152092868
1.758363767880184
1.424719605792649
1.062946830905483
1.215033426980969
1.169109162487606
1.732818262527147
1.949576075165335
1.321171505060593
1.969307777457548
1.699603115999886
1.991089802696877
1.486648367013153
1.264792540699613
1.317547605986496
1.101507449569883
1.832095013853207
1.210806469996835
1.503393564607666
1.895827671464452
1.079280548300259
1.222224721788533
1.752970669769203
1.112371206801558
1.928602950614227
1.605850407204521
1.569423583601333
1.784021778862934
1.088200699579064
1.590517605464215
1.345962664273550
1.780282851671932
1.348881372878738
1.770682270066199
1.843229683043077
1.563914799859708
1.939791432553805
1.576047945104562
1.513490874559381
1.260962937148736
1.545355722562110
1.213093990093606
1.252052739379952
1.032004089109601
1.477886530793219
1.569600345832110
1.133511538679484
1.309981544180765
1.780406815828945
1.636905103287150
1.205809215179556
1.859687364129204
1.859129825075683
1.958779885414420
1.972058570930761
1.787732775224248
1.564630292153280
1.541482154066433
1.571754554087182
1.652830992198005
1.131999759064987
1.917717218360732
1.433113843404275
1.480881131943726
1.688399488426931
1.276343525981690
1.044795931337772
1.628190920515075
1.852391471551913
1.558286805897153
1.889153858129472
1.397747193648362
1.771380795990760
1.141206597043763
1.429751282757964
1.249267326783979
1.710806942875873
1.563262821437448
1.559248870964744
1.491213758239156
1.200167924258936
1.765058086609961
1.350901121902699
1.059297749334619
1.723837971558719
1.322959692367800
1.847030524558868
1.288468263246337
1.864441846434233
1.418785078180388
1.941299255444342
1.996441605499220
1.336502296541120
1.374413098848617
1.477322736977284
1.024901784502390
1.650756624830308
1.522118668315056
1.653092705017464
1.503148095916560
1.080405473746548
1.542246562681276
1.900895289564922
1.851786270202969
1.683453160190700
1.330646571857224
1.101053596521287
1.394260102600912
1.893909393294672
1.660302467486030
1.885473861305730
1.094077317553608
1.425360553630330
1.236374982742767
1.153375066888228
1.149198524723388
1.559334675576228
1.000405590981434
1.437666788435386
1.423776521544800
1.419190669627483
1.378966043414067
1.420218127044019
1.755692966168603
1.753379142262684
1.897540864021304
1.780594750670993
1.404135767092991
1.419659532336360
1.433687455222796
1.907283863009551
1.500065006082908
1.975934018369733
1.808179152574473
1.351851275820216
1.659387178094772
1.138825723966037
1.452904872341503
1.053647280230023
1.032735117260709
1.113207339827534
1.939121141535752
1.126812434814317
1.538567893457863
1.175496124278519
1.280187501702545
1.687766418646912
1.734830799854747
1.280593092683979
1.125433206616637
1.158607320933886
1.699783762311462
1.504399250030704
1.578825447977905
1.455476728014404
1.257778392293387
1.476366311999208
1.236071478219736
1.661914159386379
1.896025844335568
1.669758933908194
1.569198021930269
1.396090849952815
1.645692951812266
1.377377174039081
1.747942126238692
1.305080129441377
1.516202898470779
1.200846998114533
1.358727409671399
1.548938015731488
1.314054337942067
1.297848551207152
1.675750450545806
1.852622231865591
1.473344675485671
1.955937952248351
1.540388650046842
1.208175474874757
1.236531044466668
1.665821856663479
1.366782795808642
1.936314807243792
1.170221106228522
1.945608244252209
1.391791534792535
1.427999498521909
1.421974555785756
1.627863013477932
1.089913657442626
1.318000399655663
1.297621946920465
1.659111679838557
1.714091249608477
1.943314898732730
1.036488853411977
1.462033375381508
1.248395027708446
1.552691751882756
1.662880373961702
1.607122437379846
1.101629767148583
1.976934711903769
1.904970988586997
1.777380217694389
1.829556943303699
1.378315663607007
1.733318169477078
1.369945592884880
1.586491138481764
1.969849214409408
1.035767449082698
1.953273934756067
1.906164021187538
1.205988555776881
1.898882178542615
1.297955555514412
1.633988054298790
1.320856733862710
1.925818568992344
1.723901712207078
1.638857133518372
1.223440515447147
1.383013391579973
1.352948382661188
1.166755413714217
1.419502244991950
1.814981758508357
1.415150441422663
1.972193997340367
1.477862132004398
1.022272878802509
1.073823764023289
1.454796843442506
1.927243867389506
1.851203982183339
1.284353786746205
1.305559530996512
1.584522151194756
1.654299379631085
1.892050669478276
1.554371365138502
1.690066829179445
1.845324603768682
1.460535385860380
1.896055384956326
1.744206781845636
1.758490941840453
1.530043438789455
1.065063515242684
1.684309510367135
1.253945150530872
1.703920648761057
1.907750026279944
1.636958542110845
1.056869031422245
1.074505439528499
1.056460787102795
1.871850789930602
1.489655881416824
1.028654783977500
1.349712921469339
1.511928760219332
1.102478548000789
1.804509764911844
1.439172627143177
1.953682530184129
1.088863551192388
1.744732158139689
1.538204681378885
1.743162931289134
1.636782827617965
1.092576046051726
1.433229760002918
1.482107430920986
1.553111432377766
1.329285144493582
1.226314212766622
1.311602373752558
1.859328583283037
1.291377728009307
1.995911884119693
1.113273733813909
1.995298377236025
1.903661909933976
1.750232275924754
1.052167408192608
1.978167349928137
1.806693063027548
1.924018198123210
1.467823230879299
1.835347847005049
1.273731119126888
1.979751991098631
1.937826395471499
1.078240883573071
1.418924617776146
1.891508925189967
1.167104435231120
1.163656775915835
1.429713606103190
1.910267366520254
1.800439603533801
1.522289652620577
1.343497126057510
1.282547033989125
1.075401084532682
1.672782270551092
1.508861246755748
1.387003458285240
1.532110853368468
1.800238975230716
1.382915341939272
1.645384587182377
1.795537352001079
1.286577251873248
1.395616863107130
1.847704760193687
1.264744601335723
1.202309925669017
1.771722957851236
1.732567832215022
1.037657772674066
1.045454076512462
1.712319822847992
1.975484168145565
1.123694960085533
1.131244440158477
1.866993092869871
1.290799395316653
1.294901216074313
1.296706698973061
1.201066761371245
1.095340819142452
1.818996351593638
1.544563887428755
1.377887853597239
1.894397436126320
1.217346157514186
1.886749100352986
1.281400893945899
1.749457011348315
1.686988075118041
1.664316235885171
1.394841598065031
1.482525426653458
1.950893487758419
1.790458461172161
1.330230186381484
1.215638088628481
1.992768387306839
1.101953143767059
1.948205920843503
1.030426159515244
1.147407220279522
1.660525743225834
1.005910327195148
1.271102180830716
1.791770183849973
1.872903420065019
1.561901576147369
1.086671399458624
1.169610118572419
1.762968337984275
1.182012219066737
1.988606470166057
1.307532224947369
1.559900072663976
1.883003905826716
1.524878382927216
1.446649172551301
1.164404799306954
1.274335393809870
1.133637247669342
1.828721035657786
1.669176991874900
1.616162674322800
1.779614522950544
1.459635453047061
1.946392861169946
1.995252612044687
1.452403839888239
1.048346004471344
1.943458532422529
1.482829999403483
1.195753225216527
1.603984275648363
1.488740326598631
1.466855406047243
1.395754459032674
1.361643746197989
1.028756981728951
1.482425858491299
1.531253865236069
1.791725319713226
1.664438077558036
1.519860334936464
1.099257544660595
1.224338149756351
1.402864240763180
1.624135927587811
1.670987322773313
1.567269040070134
1.898471321397680
1.804624570442654
1.395990075262259
1.567648312806919
1.420787244299793
1.175604598212803
1.027283765388319
1.367180105004078
1.170857209791829
1.479687605276558
1.415526109941083
1.114315741748696
1.962517604680042
1.611279335157610
1.718300017397059
1.451257930813012
1.078134740739192
1.114054475964072
1.812901677476662
1.106891722468143
1.596480334921032
1.344155542247070
1.898617042647031
1.260918412013407
1.864015877183534
1.997874587307626
1.485256562235419
1.266880117481053
1.622010514429775
1.156243884543070
1.834149158016848
1.520481835361795
1.960868454985725
1.230139232813446
1.088130147703052
1.381655698819857
1.405743831026248
1.115413913557033
1.748835804289596
1.576601040818077
1.595101518833591
1.164361913765018
1.690916783032435
1.557619123513633
1.775641248922628
1.409216799963832
1.008877053860983
1.853775989661820
1.523271276393566
1.821778731337645
1.960667712129963
1.119751610848937
1.165934273119054
1.859284754311333
1.380670022862344
1.029950150302588
1.857159341153297
1.865926585097763
1.296830267783641
1.479169855117411
1.022170469175172
1.130979425334828
1.999651690479206
1.983038924160897
1.361118658613935
1.087781838182258
1.364694622980754
1.766862489640183
1.203195751739291
1.113530426804689
1.343463530458260
1.798297270572883
1.277892340569707
1.034380313025033
1.355916393620854
1.053533589026673
1.443597112988865
1.364793447947499
1.907309578688494
1.966868389382431
1.186572178819483
1.867977290352796
1.086619999765707
1.352506452404199
1.727262044664129
1.467290023093712
1.382456602706787
1.584421385351765
1.333216607725814
1.679286870490428
1.063591240469176
1.355387077366648
1.810266296290917
1.063242930482720
1.338426001061884
1.171384954439190
1.151024768664979
1.703120624042638
1.938247444079373
1.354220520404270
1.816651050847327
1.281710974071972
1.152517790977153
1.094543390951372
1.316091287097005
1.508434184598007
1.148076979978046
1.759688400551532
1.873227632545506
1.055386558200878
1.726556789468302
1.059799811364990
1.923363849019335
1.813176789699670
1.412306263769188
1.650625893217803
1.280466812327722
1.794762866475974
1.235047278103906
1.613683420053536
1.474049736500741
1.298638518573082
1.969070497420184
1.284316032325996
1.361881449521464
1.307496498482067
1.455700986765186
1.512906218186443
1.010617122059044
1.393948430844559
1.867126739056374
1.827268173372032
1.675659404916530
1.019644529567866
1.921811564323405
1.991750692479196
1.528078714165873
1.069888544301451
1.751439092565067
1.401306346711380
1.125275102502329
1.477995881567707
1.461106158076369
1.048638951056003
1.291172670801716
1.873412421845557
1.699264844273806
1.571639483129438
1.668175287855871
1.934312122843374
1.185322903182974
1.142225023890950
1.232950640950795
1.154393400137496
1.426541056682608
1.594832090472259
1.461889898619563
1.882242043447794
1.107738308658702
1.472507021144269
1.276190473826691
1.974865047715076
1.299775194050639
1.951849879208882
1.994509577282942
1.221586757908383
1.943600571222417
1.522588290983154
1.291475302209833
1.695039663321823
1.923894637694533
1.416750405177823
1.173035544423869
1.385000795305241
1.465389356233826
1.464208215691246
1.258413216685137
1.164654200507633
1.035847698355023
1.926588504541008
1.098966322885345
1.221170601537996
1.068813528431958
1.331916963836139
1.375564002141153
1.495354585114566
1.926749054774060
1.837453900760717
1.377596628096698
1.034487362967100
1.309960921439324
1.653787102389050
1.009352410216514
1.609736115489964
1.605636981132271
1.003861987033795
1.831322873864007
1.549237551889027
1.526450278016948
1.122798175608180
1.244277214745189
1.450344915711482
1.539548580786003
1.417312759169057
1.835345711016723
1.004937937019830
1.881520974860304
1.093758927701860
1.169592137527462
1.917368673680988
1.020347431777207
1.268558460412807
1.138539274753323
1.089160960209165
1.600475424248947
1.514103276894476
1.584515545323731
1.527224478557345
1.351557177655193
1.962112173886091
1.561711841524444
1.661518099094517
1.615899275809479
1.571064251740959
1.271254214584480
1.221536256476089
1.574926238774753
1.102577087982826
1.770773808365117
1.101376516791702
1.225375263591006
1.015051022644644
1.551721432503183
1.764923844842671
1.432363781813701
1.387067143054245
1.769861781862500
1.313884756674005
1.480826070756105
1.939453919389962
1.231253429889331
1.501173502998973
1.208012379337108
1.369792704642654
1.590334463208138
1.808487803586055
1.883895982002791
1.174850008531869
1.335712282143399
1.235453159192322
1.136962181952299
1.897424123667844
1.896971258286839
1.752861457761778
1.468488375408802
1.168225472405658
1.974397714237868
1.043414613717894
1.270802560388484
1.745171522137323
1.144791130509596
1.496177824445152
1.760222544781967
1.696512563012779
1.261101668822161
1.192586326130008
1.083579706067024
1.030963450218999
1.506471082804013
1.564405776823128
1.970417369608962
1.737724512693344
1.065579279356440
1.178429748480408
1.107517217335998
1.655913743030240
1.986917552066463
1.991413199338789
1.830763751562109
1.322629833744201
1.226866358065450
1.967725933514408
1.220053957412045
1.123837615886627
1.720587390810525
1.688542332820847
1.292063088757947
1.694985104582731
1.731956946538741
1.562865649146431
1.440156626254393
1.876748077513998
1.059043473125921
1.200379170570699
1.573260640061116
1.320145141948082
1.392965496700707
1.656840346128140
1.351108592167082
1.899436579970381
1.221246122951268
1.321525961310382
1.637161092198063
1.286825402307708
1.499955709790790
1.744678309534061
1.942739145337948
1.486873261857253
1.736091508407188
1.773502896434396
1.809503095601454
1.962957866472638
1.741228829483143
1.029557052547837
1.086795482359266
1.461816219828006
1.718099385368684
1.378858571117212
1.156801323945076
1.450056331907425
1.941724220263643
1.596957950199469
1.326804408955762
1.000767693389565
1.797337120770168
1.900065049016878
1.320912835337647
1.190302617470875
1.556905395145018
1.672021427970390
1.089739196975594
1.778151518096287
1.993547389280772
1.726900289173657
1.064976919938334
1.493503099071562
1.471578598707718
1.007716065276282
1.980376360928815
1.207670106649245
1.781218961710678
1.789879456064608
1.170627973121883
1.522447791193820
1.819436509078106
1.257423455481149
1.984264011021826
1.537535893981129
1.636282026598361
1.141065334966902
1.987592225888554
1.578006246396343
1.738023285166371
1.314396634378655
1.578773939785908
1.535360405936539
1.214461683395534
1.899686775589216
1.725663023407414
1.771367078540552
1.571708203093944
1.815402220383008
1.549518596171177
1.565255591909055
1.542302509091004
1.614495516109511
1.058758690514955
1.013881107333061
1.622211581385793
1.039135050978109
1.221551214447967
1.403430543096471
1.829014507508378
1.392179187569851
1.925878334290291
1.648451016120823
1.649602643051000
1.910142344846457
1.185986909636290
1.285884669183700
1.051207679347697
1.173579135524844
1.863890915580043
1.789230964979730
1.487975769903499
1.442664855365951
1.324591370450608
1.702437453299033
1.342351630489506
1.050254393392361
1.473804531373924
1.914059833583450
1.865656613775369
1.023323127079440
1.479315425026843
1.407959122400712
1.637818643654612
1.538074116007459
1.421840230199434
1.260030224574744
1.577209166985568
1.643391444647401
1.663460767671215
1.406223674028285
1.035570631751591
1.589339101495845
1.054674689683446
1.685173274802590
1.499481446342301
1.240661599785398
1.971057943986290
1.550689125689999
1.414240735310242
1.834948859100672
1.339920090204068
1.902216505213741
1.277613714000962
1.664511460654676
1.604653958512775
1.619965344490467
1.714765854047037
1.078458489421037
1.534025177608256
1.580422467356744
1.101781616966139
1.013340602635099
1.988381590223117
1.739600260620751
1.551414718642558
1.410221819956890
1.999630485195494
1.128623885162465
1.053613264138630
1.663091252866709
1.534847559656411
1.089183895890221
1.252430353896893
1.589522249339857
1.774357170692811
1.751911800239194
1.830183849125255
1.745415114213440
1.302600925929193
1.244424583969836
1.580363972848451
1.642521016133260
1.146641089183577
1.857977687315074
1.307032476787936
1.751295047696352
1.477943031339880
1.021798330369311
1.829753537117389
1.011968208948135
1.602220798191717
1.931535154083527
1.025308811583234
1.590602387949174
1.671135414238617
1.576723530225793
1.000824207440402
1.670765899434111
1.705347415388258
1.054437471579033
1.333857151835159
1.240194974579008
1.143621367469254
1.586287505732052
1.829717224384526
1.917978538162065
1.338199305971246
1.659901073044120
1.663393651909844
1.640800231900439
1.904325657479617
1.243757624292633
1.283321247568038
1.050966746197532
1.101735311142046
1.590353724355974
1.802261793893884
1.579678342947587
1.612152055190947
1.632015330545611
1.591646551895722
1.214372852917003
1.563550484629139
1.616955363478956
1.804975240866177
1.234685898402094
1.193678893239088
1.805799448306579
1.905451797836205
1.899026308627346
1.860236919885612
1.239308949205703
1.139221283206354
1.003858286889204
1.825596455403416
1.968938507590880
1.921836825051269
1.163795760909000
1.628839580169338
1.585230476495452
1.804595992809439
1.533165237183294
1.828988100788085
1.087917239911816
1.584131983380826
1.930723412395792
1.678270964733451
1.386393776809049
1.510401754877717
1.290423019458737
1.018409107354660
1.102048306307778
1.504795872375740
1.581959591983799
1.719003669786734
1.309771112776255
1.816645490385893
1.912682563025822
1.115570560617172
1.722097288222098
1.811708871187507
1.975807480502784
1.961406237427800
1.950930154393860
1.979665767391988
1.787002692365554
1.919868661519079
1.901502591977596
1.950798453274555
1.548708241688417
1.486733068007386
1.755394445618333
1.081873478406050
1.315721168329809
1.843311685995810
1.666005462252537
1.246444580259940
1.521582650263599
1.052399238595925
1.756846335137657
1.812005669722336
1.070808345950585
1.858894641445435
1.316801541632415
1.652767937934384
1.577898310766508
1.626572654408669
1.469413428320276
1.490580873326669
1.742143215025842
1.191510716076712
1.302289744514176
1.717950695062965
1.152916953038851
1.253219898442374
1.697616461989291
1.939919645870067
1.173088559961453
1.599119053501226
1.890718098678960
1.721796801649871
1.085852121042950
1.646112544297293
1.803670280055921
1.401573289372759
1.489424229827441
1.469675741842797
1.648017870098361
1.011006879625379
1.522074980904383
1.404864204770357
1.823012549347716
1.592883326854968
1.263758846215791
1.139814090514469
1.245651264789352
1.841657156982299
1.766386744923139
1.715064693109628
1.332238030308968
1.508529959483319
1.906575409186340
1.634527774823144
1.226480654080622
1.059492361759531
1.887747673265519
1.924097116069913
1.999412007629598
1.060836232761311
1.523216169105478
1.890130106308558
1.782633034411181
1.609068290148428
1.536242650140190
1.586303314467102
1.010641579055526
1.025666879501970
1.055979055844238
1.658659449153887
1.036673759127349
1.578054036748621
1.063523653924243
1.859686308475065
1.170937363603589
1.327282500140035
1.999500398989534
1.416588628392941
1.168939656656673
1.765887143447011
1.131653321036908
1.501177686965641
1.274417102464669
1.038228729757587
1.135705461323124
1.500897756545291
1.097721091517117
1.023453134588643
1.424994872149543
1.097133099146715
1.084289367349953
1.948211041255021
1.987263205455273
1.866922402226796
1.557279330937788
1.523505855129802
1.453225716228236
1.567920909993314
1.549172734631771
1.509204772072474
1.226580359147201
1.585846493759121
1.087258808821095
1.290104013071444
1.445532801768525
1.258196172424683
1.617386513211479
1.445033200292398
1.674784800817624
1.786326169868152
1.210920343273748
1.806438121854532
1.287503856833793
1.485337445738417
1.844666851612119
1.423209318156917
1.986235202283708
1.942387943129236
1.446662452745560
1.411230073967590
1.039521041810290
1.530951820561174
1.359441114756950
1.026784246799901
1.397874222322309
1.916720445694737
1.550290101929703
1.851099938550545
1.484641355222390
1.099462836095813
1.360304710157358
1.711221714369590
1.685309329854934
1.447563518978452
1.001325726975373
1.130842131157798
1.705759691403136
1.618712240186852
1.575875331450196
1.380544491755098
1.405038410055003
1.786795674723944
1.186982613143969
1.692542266888796
1.272133119996699
1.031649464290426
1.115751584580053
1.258368321814746
1.974037407885323
1.562414037791274
1.669598395782336
1.013558449229951
1.093365857886786
1.029039510073624
1.040342696495514
1.491240080209095
1.945759955768362
1.590632798425217
1.342340018293979
1.430401310990751
1.690095634986691
1.702644728451336
1.141623024894680
1.375404964375964
1.150208247429788
1.142948752335714
1.506247095999423
1.855967938832924
1.761660992522566
1.082122426983957
1.236512430588022
1.166699402111908
1.868918102173562
1.423495043731991
1.859241669000705
1.141051221704600
1.455144508488078
1.974993254046418
1.399419543985007
1.429181915907740
1.537407291372031
1.069017939301682
1.442740365137691
1.630773149258817
1.098057449840967
1.483083061633204
1.122013229002251
1.043817405143668
1.073715860058421
1.464353247296230
1.474218716134419
1.763811495045112
1.166997975281904
1.615841741494761
1.139216458955415
1.317206222711693
1.758790493830475
1.645463554954838
1.173174161544616
1.520451485887380
1.727585982404456
1.409686592132638
1.687150888464950
1.596504084112357
1.833181635864629
1.546392556999993
1.737555305816957
1.288326143887046
1.521385810580750
1.136974849336303
1.717508059794786
1.058793101487119
1.205992789103646
1.160248424932476
1.689566250745936
1.304050238944614
1.643331486565681
1.811579479748187
1.347867644088281
1.717047346624102
1.275932726578756
1.822086360688361
1.480858841203553
1.442930702326321
1.437928101717461
1.620075300624629
1.760136925038014
1.196718595082275
1.265538855113806
1.933311086582630
1.717170080969655
1.993124837518262
1.342997678249608
1.404320968968943
1.589628921164958
1.176179314114237
1.950713526434597
1.327184226981916
1.464505458001283
1.472099336549686
1.464159076318219
1.182013517796068
1.530892438502466
1.670151865421865
1.342261942728544
1.220458688782742
1.974202104366479
1.985593429294225
1.032038168530929
1.322069748454760
1.702640775918328
1.307970895109685
1.144156108677460
1.183499616656219
1.750901597436006
1.582084210394921
1.803574917280848
1.511038522474020
1.778802805477196
1.069113772394654
1.444349608590989
1.495972885981189
1.062238609447255
1.787347287306258
1.900293855415794
1.651867531077875
1.963526601420495
1.851007381384730
1.979051758059790
1.428032058956116
1.323106717468755
1.443210833912348
1.610045576752185
1.853999155971221
1.113362699334213
1.952307519480729
1.074457844753963
1.087564803235030
1.937900948774955
1.106496013284892
1.409634551689790
1.640541724227621
1.414466908394576
1.553790660367250
1.824041340883841
1.165368505830582
1.135874870296509
1.627616258164689
1.676407028304602
1.914677675773705
1.696730030559343
1.120756636429930
1.410650561754895
1.758968640006598
1.908103923736189
1.310944416705027
1.410836170618812
1.871630524691022
1.161951797624096
1.389887928212941
1.299662583647139
1.485058515092851
1.833098762590950
1.909708160399323
1.339057671064072
1.946461461925163
1.862015679880053
1.413515515818035
1.034026264694532
1.799916628189346
1.520011529102927
1.443660816849983
1.440458351951306
1.934478437497503
1.997451477217233
1.264499692369485
1.099846942862424
1.133326347513742
1.892115950534174
1.776253971167027
1.048004022821786
1.588845980627856
1.897010608062619
1.458654584576681
1.347814620634455
1.805114531333146
1.769599001281708
1.758650791253266
1.676745056024168
1.931550798905804
1.148538719466207
1.976407639671307
1.416609313998655
1.981637482057157
1.886115799604969
1.755666985062727
1.928098943516658
1.748131479019361
1.169182500415101
1.962125208211190
1.548048106743045
1.689194029518028
1.405786024595511
1.988506458694351
1.623672466549870
1.403237501812744
1.253006151063836
1.723519409877956
1.536563849326486
1.145122101132349
1.499773380579321
1.584567872148272
1.733968082225867
1.396783988176279
1.043222456724952
1.081782702394660
1.201898519509425
1.812821458006660
1.840433493647926
1.878643575533593
1.744372256912464
1.988972213114133
1.855051214739238
1.160981570445458
1.970609694705629
1.741167013878546
1.916648555508186
1.898708637756625
1.489298492897907
1.085831055457625
1.860833845967815
1.037346599175291
1.775025084975653
1.266619870097665
1.025853057869642
1.398697551059861
1.669857371910409
1.278859208933478
1.122216960472156
1.206421220771233
1.423981310065827
1.621990341517138
1.790989093385166
1.157949391826032
1.018774329227756
1.834211550110118
1.239732094220692
1.220672848737181
1.647033007651117
1.080165587868618
1.099316423805112
1.391405264097920
1.069137800517090
1.954367638544351
1.552386834543378
1.039747495222719
1.695534652422897
1.469035389585903
1.938456132979345
1.184833144855142
1.554866445043528
1.799289978481498
1.222179744030433
1.329891529553519
1.065909848579164
1.248032801900074
1.728589081079042
1.735767220489572
1.526892010833552
1.850806041551198
1.942188441726467
1.950873321365040
1.472796382602675
1.733177534645971
1.108822712725412
1.491570712296092
1.567389084290429
1.348554807411765
1.712243561033273
1.214422091475885
1.428720395280384
1.811559985304046
1.605827356039466
1.497858195797474
1.765927623382736
1.158214190117183
1.537605691020193
1.461462275339971
1.627249580168747
1.476061823999538
1.646295420195114
1.182116024746614
1.275351802015375
1.868475164691207
1.512007554765794
1.341261650594539
1.116507966125621
1.240596635379175
1.077028871084111
1.643399977424834
1.091402676464712
1.019217312344917
1.594273298324213
1.564199059533048
1.752394846990888
1.703096011049624
1.055769771363479
1.319783930815656
1.051650817995728
1.768013332396752
1.534206022291540
1.480371213276112
1.579573317235137
1.140033377865345
1.978229409539248
1.345500940617873
1.298247568448189
1.515835100093780
1.806963215957844
1.925497148616937
1.991896924093318
1.453258636152958
1.107613172897889
1.267248726108693
1.321733800378504
1.619620727663683
1.608510376703232
1.438241766504125
1.860217363042858
1.685539247787343
1.081641743463297
1.951620039973231
1.704756560132260
1.675915041787510
1.515819099040618
1.457151406657487
1.379011052837135
1.571588870404097
1.776935337473143
1.430661870832863
1.339602202335187
1.311141359764683
1.911033084574637
1.919175520035986
1.451174737630028
1.889262493648223
1.264676460188197
1.749422306078217
1.405097593276341
1.071639675680380
1.674919454229492
1.396994517369659
1.524898311833338
1.782532627593043
1.664243243478352
1.846632112211842
1.402153354791065
1.272753619715922
1.284873878715967
1.262370717833923
1.958292867968927
1.366515622179264
1.213990757341492
1.663049427635525
1.042430663966774
1.729809856382110
1.120200834293012
1.421441716803909
1.301398726320546
1.897136171766155
1.852103587636772
1.641000928655733
1.208277531065176
1.763136671745748
1.560176448226057
1.659452269160865
1.652399164928309
1.824852908414254
1.408874574773421
1.057496758204650
1.896492584560296
1.083794029002913
1.454491275574309
1.421390895927973
1.866326656595956
1.118734518587000
1.268023008139815
1.268480010921359
1.391488138302922
1.552896886855782
1.530850728755281
1.349781005806188
1.919412509035046
1.744841486096774
1.012830433441713
1.961843173001820
1.474651342013223
1.133031267734725
1.383284889340068
1.776050068333768
1.030167439035218
1.235388476976840
1.417050996989501
1.238444970566055
1.998525148722588
1.977227445215558
1.897897239726920
1.650924313650897
1.802080353629813
1.306771814034680
1.708421071855547
1.698572937724447
1.390565843037593
1.162912346964196
1.119963833186759
1.256892499167888
1.281646865551195
1.387986841326573
1.525372510554908
1.673135003854118
1.940883728182355
1.056223238844529
1.022916009660305
1.860296237217400
1.801064725406964
1.035746443102018
1.822139409753559
1.275716066954525
1.168777710836743
1.205424299093627
1.051766135288293
1.198945149871961
1.440812776070467
1.468817132277795
1.437390120438016
1.439337924327393
1.446044577027692
1.335287359699275
1.090262237512629
1.248124930191843
1.642059174199616
1.798683309368176
1.946697867916291
1.032625016771548
1.961595656332372
1.066661701103049
1.289517516405097
1.243242521417906
1.454648542429622
1.814890026960005
1.916377525737685
1.395532270611977
1.871113265804534
1.939293535397991
1.255828507363716
1.672177990745836
1.975039978500009
1.077967916651614
1.947894058166022
1.143817688871090
1.283392215745240
1.999660193454316
1.342762838743051
1.724204991815707
1.468477325266449
1.780152959646728
1.163542916143100
1.914521902294141
1.115440318880342
1.253805153655729
1.162646832485984
1.757499493079958
1.052488463023905
1.109344699936614
1.790124510317167
1.014084118890615
1.176006401039663
1.079642026256603
1.257326640774182
1.630654943934947
1.894532053216608
1.173704166046206
1.026187214081263
1.765645318555480
1.112997700978535
1.282015721444979
1.437823309301316
1.088037679012882
1.359983638096593
1.385717367001678
1.231855367883973
1.643375854307495
1.385377559990332
1.574618206627024
1.367580845657541
1.853854885256782
1.354771165808091
1.531123761800641
1.768376787085262
1.470211485154094
1.784928915922031
1.931023619571246
1.227710977768391
1.837417378945936
1.040368319507860
1.017835487619897
1.851501497836551
1.216374720547523
1.097477513876500
1.108828138145072
1.847029664482470
1.992009567093109
1.282532304191278
1.873216878563732
1.757654885648589
1.395530005169813
1.155232599543050
1.195478194484244
1.483567684182696
1.515216238105305
1.581195561485922
1.715423052066668
1.158592091947138
1.966573121476254
1.290041258693692
1.526172937604679
1.820428006267374
1.644812424501783
1.057296699405320
1.588804792886975
1.115023909190215
1.842225615327352
1.519828412458221
1.342734887424267
1.679642993807626
1.560196731966081
1.360570375044164
1.531144491178516
1.776571452513603
1.458047889386326
1.639972629789250
1.623601116996073
1.450057456013773
1.922504933980529
1.496817995094144
1.207712341196701
1.318034939150342
1.652050595102855
1.403190535680945
1.801602623333038
1.167266832742499
1.984386097166867
1.517025675399707
1.325858924689637
1.950959218177460
1.807066934093398
1.852031862294316
1.771387223979173
1.451879358129520
1.909328561699636
1.360192016866148
1.566903267785396
1.751554176561327
1.880020429324368
1.909638155209664
1.431197169903292
1.440217160824787
1.270208529788166
1.962341661547470
1.216788612872729
1.728256419174492
1.602314290871059
1.840389729868802
1.178313875188266
1.524819224385926
1.337207724962946
1.386026216384967
1.842854163536269
1.989258320065801
1.789216752531574
1.644456786869307
1.156525152342639
1.773602849232779
1.161482461803352
1.482384077032276
1.724562067410239
1.968549395896750
1.334415938860930
1.495949290923751
1.420428753560609
1.243744500560567
1.856141307789898
1.987332021346005
1.995298677121894
1.736161736648605
1.896970176090007
1.426495847025186
1.176378897007731
1.167178705878173
1.388837508106994
1.393167510346122
1.895435125052666
1.991151798978053
1.233557239749263
1.073748999775270
1.515971022898318
1.570764964712209
1.459775216625899
1.358825186434586
1.560023284312348
1.248991968691811
1.003281972838231
1.716548436654987
1.022594817458929
1.164764434641583
1.198932513221601
1.747156884869168
1.133313830072672
1.533348452548193
1.243106175792919
1.553742583633281
1.777092953108760
1.099247483117155
1.541074604979285
1.772391629764992
1.835409220231422
1.438044780603631
1.198887476324517
1.011788116773492
1.605223486481804
1.587724984431511
1.404955627119614
1.500658611534470
1.578876782943903
1.638512867334537
1.574407611309740
1.094847805842221
1.209277831581085
1.034182827469978
1.453672992276807
1.769301116359095
1.283174796161789
1.456954965115038
1.485849552548420
1.305769614086379
1.621719399756621
1.684782066235683
1.052926498489886
1.755033229829293
1.218130518318215
1.296032674282805
1.308775812996913
1.995223471426975
1.395280157865621
1.849850417976198
1.767615100726306
1.230689377631382
1.287895198579829
1.966502577516484
1.242477494404874
1.893118685061633
1.554227561482334
1.647433121990149
1.393777296130442
1.133104344426237
1.285945988859025
1.968184907905844
1.227952150268458
1.495223820440110
1.002367734910160
1.681625142545265
1.264524936333543
1.285542531537610
1.138580107194642
1.750374489347625
1.591312145623990
1.760299506951263
1.435156555117647
1.644238644113875
1.515332736314895
1.653287073435861
1.940271318862341
1.824108549311808
1.648510544397175
1.335551476262301
1.673958967288006
1.416125644657819
1.566240853893683
1.961854165867834
1.382628221708643
1.808718348298556
1.854972850463806
1.936855783656638
1.456151469823044
1.248750146594248
1.069960127617214
1.742097458682068
1.216935054034430
1.297912277885672
1.237321279122178
1.219302788944590
1.979537420430937
1.501846215455721
1.504845320482201
1.118117527159917
1.252220704337685
1.096157465640529
1.878417034111180
1.687377259455331
1.740396110220065
1.393749769960414
1.340664332425531
1.680667428616745
1.217858318806560
1.989174876822706
1.016218904413385
1.891817286094565
1.405300521480525
1.582459758307067
1.853671451496739
1.787928743189168
1.391178106139963
1.708644301960545
1.724784526380144
1.847329576428667
1.957394448554793
1.794744653997358
1.589427034645075
1.174329502123562
1.092656931417369
1.826748313767253
1.393632291068152
1.072194351382644
1.328594529222974
1.898477612016014
1.190311878542561
1.580815233560659
1.994635077656542
1.068728912188080
1.268192493015990
1.735031187410947
1.462478682148493
1.608856825441521
1.415698615562030
1.680337001420714
1.598031702264227
1.431917519975415
1.572154287049619
1.003332223279091
1.014377277816821
1.425825738546357
1.791260966468258
1.405555384422445
1.134470040041241
1.516045492848403
1.252884960385451
1.091864488130372
1.310790146380099
1.842311995030526
1.266193990253934
1.403447078263130
1.669060308797779
1.659826281322085
1.475641429645774
1.997654838020753
1.558303892872438
1.665953308653996
1.578470071115750
1.552938970528980
1.734682220842076
1.846662564131740
1.287970157474265
1.197160902990569
1.455519389573261
1.703668773501957
1.877497904411283
1.053551091371826
1.135586293011711
1.449652190995241
1.056883314650917
1.149963571294194
1.875477929541598
1.848144281119176
1.555518955716639
1.009947969117178
1.364189773501917
1.808403916102091
1.101812457247550
1.674979920347678
