1.797846370569924
1.313403334132435
1.673652811033736
1.671272195086373
1.775217237461414
1.056698371723777
1.192644734729689
1.625192928122007
1.135243954527454
1.412472398187259
1.337916179963594
1.493229872308155
1.237264886079696
1.401309129390495
1.866204196689702
1.867934014863283
1.550935138023065
1.557061415063699
0.927088301969483
1.359330994930390
0.751865413251264
0.970287945053182
0.861681568000457
1.527711438897107
0.881372572354031
1.127399325604603
0.859953400610802
0.845631369474175
1.750707423537055
0.999076122829429
1.344444444737074
1.744804769701997
1.497125093690749
1.078765338184317
1.347823586557466
1.190547431249620
1.137643989088750
1.606063377225623
0.921913793835847
1.399529869106513
1.156361606986550
1.401729369384211
1.036781929596313
1.536790841132034
0.948518830638161
1.056795831872297
1.580732188983593
1.792399170637388
0.935803218462644
1.698449748125782
1.192043738603648
0.701964830432356
0.782866198536623
1.241798432761203
1.464370827885287
0.921605722349244
0.638209855545353
0.596299407811563
1.039099112374295
0.654462077514300
0.852688827799638
1.630548580450582
1.641628880846461
1.706156575908975
1.124257900309839
1.273350886338587
1.020945612641277
1.353181305639708
1.079109807831676
1.221895172944692
1.081181928332966
0.587152366822417
0.986470442532988
1.482624894754184
1.486801721411601
1.287548887839800
0.875664077959613
1.378689811098590
1.364905496300583
1.201639759727896
1.541757213094313
0.893038077256075
1.077488415476330
1.463959660006104
1.386656364813631
0.875481481887538
0.769417119720190
1.431888790443560
0.889609412251317
1.227765439635337
1.502762129137693
1.145793511315940
1.239878309103117
1.491359653438539
1.158947505369958
1.768668579732377
1.251567807022288
1.540425746045413
1.319964104835509
1.493202803322115
1.038327206475758
0.759321780039461
1.488893675345536
1.456790419520764
0.685098580431207
1.420457364444772
1.185678934385716
0.987367375540518
1.200408720375119
0.912097662840847
1.504114436308793
1.151406858838396
1.300401340387431
0.952423440086330
0.824074018309355
0.859305296394076
1.112964481449899
0.960496883176395
0.708609127875773
1.443843339201764
0.641099665642549
0.666017810802231
1.040441192489972
1.316015156408117
1.565392871819791
1.565722942367679
1.402176507002194
1.226925399237416
1.604562078745154
1.097407879354120
0.933594489385442
0.818180878134829
1.143651482419772
0.790877891357277
0.693720020315617
1.271396788172316
0.665416937367169
1.335151844843810
0.710478821774428
1.301720078965526
0.656178816079540
1.581845292369651
0.771272894513328
1.365939356507497
1.032418874471925
0.971402406298815
1.440330030164584
1.321853915867453
1.219041381524116
1.517189140451869
1.184018950898674
1.301913262135073
0.635788860808449
0.678225815911898
1.067582727554429
0.635595674447226
0.652425817918298
0.837648848083590
1.181526231341602
1.665046550889558
1.431917349832720
1.491082059761296
0.699886717522103
0.753111404975083
1.569000245675964
0.760870935662377
1.441241957576630
0.673922407668883
1.545466571265482
0.601639653894418
1.421329914037650
0.632847284875956
0.590093617430450
1.559732259022452
1.317383283311384
1.027798449365455
1.025402742135358
1.134075848976637
1.570216532509532
1.425881513089480
0.939951605689905
1.121403978635778
1.143210931097566
1.013147174302664
1.246330036423224
0.657451034490539
1.091039071143735
1.326840678914952
0.899006826940189
1.636935341184149
1.306721390561775
1.728498603367991
1.618003729620038
1.385881588433990
0.712231984210524
1.376785633908021
1.438692961067524
1.519876156654477
1.463136090178604
1.417698746465840
1.564062444862997
1.326638497893953
1.487983553328480
1.576709100953300
1.283647632025780
1.160991757057509
0.907872164707968
1.688390998161750
1.773653154494206
0.861112367573106
1.362864485394132
0.919243892852714
1.280366133984176
0.870888829115840
1.338701152944637
0.952291538252098
0.962262803425226
0.863003447498276
0.706929137926713
1.272884074702971
0.883675715284085
1.351924883094579
1.281946910599682
1.844501497681622
1.189922398845195
1.377355043310422
1.495575369082240
0.857453711452073
1.200514396333195
1.315014766527034
1.664440972055996
1.169238367398589
1.053238578638563
1.562888076134613
1.150314726949508
0.723833992704752
1.080367406205182
1.364570910536310
1.653693351732089
1.133765979324569
1.623147846637210
1.385357154384888
1.353231711063364
1.158469169576509
1.557471101484394
1.024681295433644
1.462900822485191
0.881127615924145
1.253405868278473
1.534350206271643
1.512356043545985
1.478374922365480
1.195582663038023
1.049933428792421
1.505096738834998
1.569004145149190
1.637699033644940
1.154585444199213
1.510482040793125
0.938680345903402
1.641188628108547
1.396888676655040
1.362756688158202
0.965909483358154
1.242700429734274
0.799504652668736
0.976148636774496
1.598917737753822
1.422277405061772
0.859047964057270
0.930202074066358
1.260266372250923
1.398762491408351
1.263075471101839
1.232153334404444
0.792138231345661
1.249979033590245
0.747329545656733
0.784474456294935
0.642401847372186
1.440406300821594
0.462091561825220
1.293051391363243
0.807144395160009
0.690875156714898
0.993142903507256
1.616888753438681
1.728150182356256
1.529480736388242
1.263022914824290
0.547801011018040
1.030852193356762
0.690391906685075
1.061182474227506
1.224435157540815
1.194983911026165
1.144520401588506
0.489209067787495
1.088129318886158
0.855792882235451
0.640726028754273
1.320671635165544
1.460222170992267
1.624083987724691
1.228885140361959
1.078863029523315
0.509392309135852
0.528230727080555
1.075630622022784
0.681837508993812
0.646978205529403
1.029142480863007
0.679908734762043
0.477969978066351
0.376847555823229
0.895899345275783
0.980480503435213
0.475554051169325
1.094023047665138
1.210247318023536
1.554432536194654
1.199972970522946
0.489648786168560
0.436900159897980
0.668611241888624
0.269338233179459
0.279903301788044
0.498645348119366
0.466309230199705
1.076188278928643
1.062505545313588
0.792595050367313
1.051324756268643
1.121654231683242
0.962439931091347
1.039731002688240
1.103196349425181
1.122003565567794
0.904685093866287
0.457085345409589
0.304320884807093
0.203641914929604
0.232281309628164
0.768192149552820
0.487926088998592
0.415713906646622
0.468621181213105
0.245210792061169
0.626094289039743
1.224189792199261
1.039440851989950
0.964541619878450
1.367339808206363
1.223942251170610
0.781815488216049
0.353945900109283
1.034363062804796
0.754742549399272
0.639849730177607
0.326696461803819
0.680085881203156
0.552152556643914
0.965539308622190
0.546505558739852
0.440801054422645
0.613406588031382
1.183159791393664
1.336484574928985
1.693558863265131
0.801270325273442
1.192891279029670
0.333546373182747
0.562545759412955
0.134659951544422
0.905321054317488
0.893243063152596
0.416255477058481
0.240635152170874
1.000547979555764
0.871864898045143
0.243788862426841
0.734524840930183
1.438720099219561
1.404910217256266
0.923129631136705
0.942338978705514
1.166636861233512
0.297582642847347
0.257314959072558
0.518023219011560
0.429424463160722
0.781181356447951
0.936078498453219
0.260989020474007
0.188688149717573
0.205760932266043
0.653908572949430
1.068451451214341
1.146687712086467
1.141208445075950
0.832927581325312
1.061399434598372
0.884319925820760
0.738292049709113
0.757883603666688
0.502418230459371
0.437164298458801
1.017243217216858
0.606336429102352
0.299819258567394
0.745869193437009
0.676548799281195
0.814466191427436
0.884611531470009
0.690161561977438
1.529999067711124
0.788439675025384
0.578163696106525
1.239138712404241
0.389140350990909
0.656473525234756
0.378399474071356
0.971984570895505
0.430585055644565
0.496014594291905
1.014766669914428
0.485235568982342
0.970354510397437
0.860389791928152
0.331386680039137
0.720075829249742
1.482144646807967
1.349707987509260
1.326124966317092
0.638231153499558
0.457741300092510
0.391603515222640
0.785173835433950
0.275088612144839
0.833741260474866
0.938746810285763
0.871663313707966
0.355860542909405
0.570779772603135
0.530819148977897
0.741639014656503
0.703299115632440
1.094833815897698
1.271746791006555
0.671969516044169
0.921260370749428
0.292325520338350
0.617599596982821
0.600416733072377
0.517191273984678
0.943098245661957
0.462928024640439
0.847074189280716
0.752312939120809
1.132450561900858
0.941507900998935
1.152077865657051
1.195601426152099
1.034471894291793
1.412426683171389
0.574848372111875
0.967273853652836
1.200287993197471
0.939892592103712
0.948103376414395
0.819288404600208
0.696550851506042
0.655276245170863
1.007103838359514
1.091989957381024
0.978281383502632
0.489752920412485
0.444994749544168
0.613188673917486
1.436067450890569
1.006430888362054
1.284004344074917
1.261426529299528
1.069144878717751
0.476246796890784
0.469181526171958
0.766070813144265
0.719163472800820
1.111293721162814
1.309566247882302
0.634185312477206
0.801122070259196
1.153637380260025
1.421745459394544
1.301818916660867
1.117774317879197
1.781598547428477
0.995988509630895
0.908879175843887
1.222172590328392
1.533637904658467
1.374335627571658
1.602012198720929
0.887512972603248
1.090201731806409
1.399351840240137
1.562363317937801
1.243753144225168
1.449214487951922
1.673480324695492
1.033527831669313
1.815464632161672
1.428203033689182
1.703977935050226
1.191829033400157
1.205450983820817
1.570968863646673
1.420326850588627
1.431928677388133
1.210601724359512
1.275751660704592
1.615486592655425
1.561371141476381
0.957458383123783
1.527142885178241
1.280807333672944
1.401254003228301
1.627717980874698
1.542486045054235
1.363625800502813
0.695567626045102
0.955511746034673
0.783169164117886
0.459725969924223
1.083072609894952
1.150082843222948
1.162374411238437
0.956943746244434
0.714214298996443
0.927030083154593
0.948081657949709
1.069134890659975
1.096429564043909
0.903128555761994
1.272359294622414
0.465436944083642
0.954847259763922
0.664793531416936
0.929020260564283
0.585944233988776
0.177340256067939
0.551450839513277
0.577710018693793
0.119678857055575
0.897242277130718
0.484950544843344
0.786062612091457
0.696716506311526
0.566076986037431
1.093444903932675
0.895941211521486
0.758609040917508
0.165575050279834
0.744757297329708
0.543835017541974
0.755568968493515
0.518209169327144
0.379863746943988
0.416300095674352
0.939025187688190
0.015119133942997
0.051364634050123
0.672645180137421
0.740250755088323
0.567568493808442
0.858537160418757
1.259401847193595
1.238771201656424
0.838634197900340
0.436099028399365
0.352411571771587
0.735632000640838
0.830789026782373
0.824579144238704
0.781359770440449
0.654450498401664
0.234531479253315
0.459615131387943
0.200534608514654
0.576551407604284
1.262155308346377
1.087251733371212
1.503559505379525
1.265577641429924
0.262577463284388
0.407677014500159
0.669048566710926
0.626599981645729
0.757509253017955
0.108744258916972
0.619487220262657
0.827587477726204
0.209228989620676
0.302391157254161
0.519701018402591
0.633690111180489
0.918855703080655
0.803676586122030
1.096393623424060
0.656296017854743
0.730066462578149
0.862728239354304
0.096132276162508
0.462679111622443
0.714230173234679
-0.043309641012260
0.227604988602375
0.058875244211699
0.519502745788199
0.487383579053007
0.630190267926058
0.670339874975818
0.351732393328891
1.171212897727101
1.181584269156215
0.538705970762941
0.094817232771222
0.290623983909246
-0.105083133389041
0.780701580270791
0.450375843452827
0.617808047953340
0.740335957666610
0.791589522226654
0.042735322969131
0.338682972003207
0.436626946457694
0.865302174965839
0.928712482276509
1.574568671456876
0.776602809209410
0.594251870340330
0.965133595536786
0.320456216705071
0.793910379618963
0.613248419069095
0.333402063909681
0.127412717949881
0.805508287867775
-0.016369873604270
0.736552461063154
0.513810032718874
0.668398528711346
0.996360110026812
0.476617402845285
0.893098399537967
0.789766873153909
0.507674150701948
0.713684627153425
0.137179084619609
0.028375339024652
0.101510822604469
0.812370479489833
-0.124775726523010
0.023565107808630
-0.017690136665708
0.331029075682886
0.537265674718409
0.863809121778159
0.173483770688465
0.908171747434925
0.682693949644321
1.021791119332813
0.810495266351413
0.536804873501003
0.268254460983796
0.161447577121584
0.802448682211726
0.448067233088799
0.066786038590134
-0.090104309383698
0.303426118896372
0.691047639367029
0.649403425338791
0.313201977831811
1.078548023611842
0.336583693316352
1.139494149322941
0.836219418838202
0.989871378039462
0.818502871577975
0.324659021213318
0.830270924977195
0.561983054919898
0.248755353373321
-0.048674759248333
0.665203214963077
0.697036936008839
0.596699338274187
0.598384964762880
0.879646485313432
0.409510961661849
1.064544553489109
0.919708324085758
1.464835576303909
0.553322031721579
0.757444295234647
0.104140082664717
0.099801046095409
0.131478876239008
0.211860043738778
0.097953767101656
0.548855296381958
0.012644980287694
0.848328156043051
0.920362187743237
0.085546497330948
1.067138805998346
0.814473220591933
0.896085851587860
1.280059976988793
0.602790239651668
0.842618590864937
0.632360522370565
0.925629460340861
1.015979858347625
0.611850674808723
0.663651927051725
0.809616583383720
0.301168147260196
0.342972574346390
0.725123853046485
0.675508555876377
0.251392282592126
1.345641353815410
1.023717651161761
0.968958168227468
1.085650980660238
0.829111874038945
0.656875238393611
0.995473429010432
0.945764689395834
0.742042132913520
0.565316647881245
0.999597338655664
0.625599552192066
0.509061746658937
1.061504641094404
0.593927604384360
1.092120615906166
0.562550803816507
1.593685958464955
1.718739471984514
1.354781433275281
1.000532923870768
1.304143482703586
1.144646113202509
1.458455875919942
0.860217097752255
0.865582173182510
0.682724840907510
1.121708218177106
1.497360610172403
1.222337803300171
1.159223792275936
1.489230813406757
1.703395220278525
1.595045408708439
1.205102618860096
1.101962156879904
0.702761575419323
0.632284478853352
0.588937105860283
1.059096273362330
0.861425686935680
1.275770207696036
1.390017879354373
1.079345507275373
1.044661118234603
0.664457335587694
0.800170127273460
1.138340893006280
1.659522379578501
0.897474619415461
0.823302009788949
0.761621296376108
1.074412619605875
0.881462681414397
0.318970645766656
1.166034329130217
1.066898267077565
0.363811348663257
0.678436435667798
0.963019375593250
0.992744303068586
0.237965897860056
0.851990133183478
1.093860578071597
1.253091999442372
1.651696560610941
0.751604910686703
1.150037534193142
1.106314662036000
0.140004177389169
0.255577611364463
0.192617366630350
0.756527164343647
0.040303169373440
0.697914374398820
0.232947886861711
0.141002646566077
0.926640320046327
0.805877403390456
0.253735682429198
1.338592539051007
1.491620076166239
0.946119375757461
0.963079146361976
0.496396446840918
0.336649986408602
0.490766186523941
0.130335521438306
0.399666622856128
-0.071960761551309
-0.113905088653155
0.188484540127446
-0.038943517691740
0.508804181601136
0.027792050711010
0.922703994750437
0.853107961615338
0.810124938668153
1.249956868531057
0.757022141142861
0.296384466946129
0.782162869311175
0.538005184155314
-0.139806436433335
-0.231187878621604
0.244810869281640
0.136674469236558
-0.044331167975388
0.211304863099432
-0.054598760963491
0.161564447551631
0.423534331007031
0.236618032141133
1.227721190075002
0.696070304152883
0.669680601093911
0.042258086444063
0.590501477233996
0.525899217214877
0.392719730939727
0.610666350875749
0.567612703332063
-0.228854774948276
-0.236871096184689
0.257620077665407
-0.065405343482223
0.754187400816790
0.074991202686505
0.600167723196737
1.163546559284678
1.205714332162115
0.902885923447661
0.490956727101896
0.210202507823152
0.555927790354996
0.279448652130375
0.615629302594720
-0.084246978723290
0.491173615599117
0.083399563458656
0.105126027557585
-0.152896866157298
0.626132064065104
0.345172066684667
0.953359292923249
1.498156456867253
1.414300256390303
1.031159905534846
0.663570108864663
0.437549152106178
0.249412546112102
0.326774661114852
0.196609882224175
0.272463415912143
0.372206843093830
-0.264175165347981
0.474902042825229
0.344320333467604
-0.047959751586900
0.097308929092754
0.398683226500365
1.339690795600246
1.411543205958291
0.938723968923029
0.138391812322575
0.475755814543627
0.053970286641803
-0.183987493741847
0.590795234746259
-0.197086549175342
0.185051804957060
-0.020870577533733
-0.080639980918079
0.032399494238667
0.471187226398880
0.901776611583690
0.426542679676033
1.070568089112143
1.346779210907662
1.142797035983552
0.101281172413662
0.109969909824612
0.309548137675339
0.363519137214053
0.584430882575471
-0.059010938075217
0.384232941783291
0.340422774187528
0.552532391037704
0.557401143792566
0.586841910617789
-0.016245719737309
0.795793178527461
1.181790330539947
1.338036941754070
0.990933756200616
0.256282662087896
-0.093291818953693
0.644307307754636
-0.091645101032020
-0.093116152652647
0.083917042283900
0.167648150675696
0.102342013381390
0.378836089161792
-0.144564218641016
0.148581247265342
0.832555972280507
0.818687784323805
0.671378367527723
1.388591732012266
0.982507537135464
0.392455426811289
0.221673205509092
0.185376700527646
0.035852944190555
0.356338325665911
-0.178608946293660
0.655055589477934
0.184186155869292
0.639924094316285
0.454988318572740
0.305679400959640
0.452256790069676
0.515517570513281
0.797553142318499
0.852204941765154
0.851244474765958
0.349212938629449
0.042580639915825
0.605801559847054
0.310915069942863
0.311098296187796
0.015343946066495
0.683078817644948
-0.043683271179733
0.121900433801387
0.031615486701325
-0.091314622458163
0.932372034940113
0.548913816513980
1.401247787605899
1.300345635882553
1.043064830090470
0.330600620403347
0.083743791229954
0.946497367485100
0.740240832096330
0.074996900333242
0.822469410818354
0.170741908098747
0.956368268945862
0.502469347439534
0.648003552014094
0.495174482887265
0.966426466234921
1.231915710713950
1.347343574957584
1.135787349974738
0.697074879268960
1.187922832231487
0.416114341179346
0.896137092353071
0.530928584642539
0.553169391325465
0.738618274496168
0.665535566077268
0.847339040002854
0.926432502799471
0.678209461573213
0.795058875676158
0.341324149263617
0.758613244975932
0.909577517242258
1.541713722110516
1.165782613523551
0.873293544709881
1.241804166250946
0.787411954262014
0.909929434655226
1.075113493306726
0.987612717467542
0.906063943421281
0.611998188892738
0.656565474097613
1.375374414514777
1.463648076569001
1.615535983443404
1.235912821841233
1.126404910796053
1.035451173875084
1.089604810835455
1.081878122027042
1.442939820640230
1.246812674237827
1.337596631696546
0.935347016777517
0.688386075479634
0.977013883549149
0.655017687962250
1.157459891593395
1.534445645575755
0.701815774318518
1.510628952101914
0.886981505489515
1.652495619511034
1.040356306589101
0.889716996914365
0.787553570632752
0.766060680477154
0.932477269558215
1.135754112707065
1.120083080592956
0.248205016736710
0.184159824718352
0.218852645408894
1.073217800662632
1.092834031209394
0.280452276146814
0.751075257352408
0.676181594003710
0.940716896433220
1.417935280218054
0.955044446380464
0.192903449671159
0.452078890439151
0.338992017653467
0.361163116754212
0.496586687793641
0.727397066840688
0.459972614357694
0.101803347227980
0.715740455762429
0.609225544551787
0.071096909729231
1.083376903138344
0.808124705358841
1.018372665551576
0.944699919943651
1.166891279865140
0.909782681901235
-0.049224860013681
0.678826114846589
0.621147763150485
-0.071450301047518
0.655274609534358
0.667390738159965
-0.167135977898367
0.578455647735609
0.754419247645840
0.366412414549448
0.001621594140291
0.427093800851226
0.870075058943834
1.189500968398560
0.452663474451039
0.682576454529335
-0.183359721194261
0.428712533888536
0.022843915916072
0.535037654976834
-0.054945607154337
0.218384100653932
0.346156303513920
0.644157525163769
0.340356694308185
0.429633571318107
0.371572129866398
0.203293112485852
1.554695966393232
0.912073638551438
1.092488547410983
0.002855138085978
0.012232192437537
0.474227398398490
-0.069752580373054
-0.184279661059748
0.357475415018057
0.014591435762877
-0.352725885623864
0.353631981439584
0.575427800513082
-0.226693365998115
0.797829308646066
0.349587944023654
1.185821147966057
0.691944561048322
1.083672863482549
0.568921275178313
0.606720316773774
-0.060897725888370
0.177349397484608
-0.223820152739998
0.447913250055688
-0.151047082327934
-0.254734792336128
0.100396200171443
0.538336454987990
0.299072949211989
0.364402829196815
1.023130671855494
1.452188216657954
0.926460598323056
1.108606035501220
0.060702730205511
-0.081136061392858
-0.094394975352585
-0.013507437821670
0.535397803258429
0.244843799626213
-0.009849377814287
0.244709134322199
0.161010715041688
0.052151233635026
0.250216229519948
0.592767727268586
0.180257104747902
1.190628690463190
1.160561639343543
0.847947070376901
0.409276109980860
0.629275582669011
-0.096292336634154
0.306173626928216
0.347589915592396
0.086633844944965
0.415962410588174
-0.190973397091601
-0.028847060677056
0.008757763305196
0.387644318412301
0.081719406403944
0.407036084896459
0.565801434095447
0.679568867912911
0.573372809093152
0.103329707216021
0.122497578994596
0.444328588313236
-0.233460219140040
-0.356460540495553
-0.225611592986597
0.378961137785330
0.167865659929550
0.172750366214316
-0.076511354546941
-0.025490100486788
0.441107259152748
1.059703089797759
1.384970358236296
0.782543189451043
0.582251617113283
0.642868340694943
0.227620963225003
-0.225786531742980
0.116309106356853
0.589007089848485
0.527694609323316
0.291701352999262
-0.079705155614170
-0.121033378933199
-0.033068478600604
0.208292037740488
0.364635813707226
0.470136376586734
1.129661180527829
1.431907932126578
0.696995148492436
0.897794738491119
0.431205157627927
0.354759784801601
0.668240065504809
0.477957617983990
0.069557370794552
0.200432293686092
0.009536380695452
0.332118993584346
0.457226850002218
0.647147296776708
0.457812368390106
0.763370840974595
0.648523686821181
1.532060909350916
0.551229515043616
0.562208732619489
-0.111817676353712
0.569158195138180
0.274280862918890
0.678377672470049
0.182772492048469
0.545616327897465
-0.097952987342426
0.475858582271179
0.020699278547482
0.444807517249456
-0.014116342011889
1.037780626287288
1.042653858565974
1.151068948518115
1.105879493287433
0.227982367716455
0.144655689943561
0.698492828339908
0.826939962855145
0.457309874731184
0.193959595079076
0.156207854377454
0.103487972523439
-0.052967909541133
0.041105813140408
0.705739580062641
0.707117877880095
0.514947228214483
1.293539500552631
1.654340263855889
1.261970881977622
1.032080377957810
0.942779370403957
0.481223344266428
0.805066930770314
0.313779878890905
0.251274096290076
0.950461406817530
1.026220324400553
0.493593981411684
0.561302462354381
1.083647088915505
0.442641930470775
1.317891734126053
1.093141664617204
1.772746092183529
1.687166166756628
1.172882296734491
1.272774389394015
1.449298384857196
0.648605690704774
0.534813884826993
0.690814728932153
0.846234897478766
0.570666890708515
0.807970769902778
0.580142113898107
1.211664202063848
1.088996163324820
1.413030022048493
1.421079972050760
1.117916845370169
1.157112864317115
0.946370157098429
1.151229841954594
0.633125232691587
1.009650554895088
1.202162512933899
1.402389298776407
0.866183876206463
1.525336937165920
0.791300338597220
0.750988950646009
0.711141832447321
0.735948004954263
1.308028640152589
0.908224698624374
0.802311994852334
0.623127595726577
1.084137487683146
1.205313326348112
0.426546705981848
0.918130514416863
0.288421211757596
0.704643773847514
0.942924704396617
0.554881266931234
0.752855890637149
0.622022939640547
1.114547233538609
0.631500400319893
0.519037153087711
0.873924522057643
1.377682948779940
0.666081550744349
0.829518917062679
0.796720140602492
0.725672175809795
0.273179045073865
0.562816108553949
0.010131513500952
0.246006713227167
0.807281935819880
0.222092802444255
0.416638869512656
0.015402290141721
1.026585337951709
0.886648037566717
0.749122710999918
0.644624098952593
0.556929317408443
0.084496229101680
0.149148244333848
-0.139235475986911
-0.022673603116418
0.596953451048405
0.608790057865511
0.371360173386169
0.194145962427728
0.077276711607782
0.311879363195926
0.628566834338883
0.363291811011454
0.936894405130724
1.120457329997252
1.292179700386903
0.619989757615527
0.286101191801569
0.313995570677281
0.521682676726074
-0.287688413399463
0.335158586219286
-0.154534555943793
-0.366872298886287
-0.324988765634859
0.375671125223523
-0.273002129704233
0.728490283844825
0.207648829680272
0.342891606258828
0.584157053868721
1.170255278733368
0.428395091325156
0.239233169794759
0.459967734022525
0.182668734648160
-0.141682567055826
0.243278032454781
-0.202844947509436
0.330608644371921
-0.398722114663812
0.380428428177154
0.185940862831112
0.121375072823070
0.363891580805911
0.235387686977733
0.668090818901657
1.458706069541865
0.594899985226466
0.555450784022870
0.473419166591620
0.156340692613007
-0.009320697105487
0.574020738386617
0.113980438391826
0.023900835033141
0.308348125085695
0.186719288672259
0.048490392031174
-0.266744798359024
0.622831034984326
0.588854589638539
1.177993847513719
0.556053801330866
0.933583467701588
0.241197328037855
0.262564160209334
-0.324667242259378
-0.377964950429393
0.353782608752610
0.369549336597673
-0.381438807316930
0.127559083102844
-0.067011118660577
0.065614399402157
-0.264992508419165
0.282739448600563
0.702692651186588
1.476724943607411
1.399090667610717
0.381731568769932
0.569648862219035
0.092154602253810
0.268949874734838
0.295421500606130
0.515349042729450
-0.328583180830630
0.012193174893692
0.105647160358562
0.104828556366129
0.076686810382514
-0.023135173859106
0.812461523011375
0.226473902675740
0.820539929218810
1.274508247281854
0.600266471122251
0.712317066103658
0.497274953123958
0.129253909945617
0.228227774497964
0.185990253511653
0.135328155216910
-0.228987746998580
0.526759883812781
0.586926344164882
-0.163989319829205
0.055272881407075
0.405922129808146
0.282686851273122
0.740501486408297
1.322971163970232
0.996464270242421
0.475756283078430
0.148297315851915
0.204351534940741
0.155759082018144
0.139631084021317
0.603555648655266
-0.324527697982760
-0.350157468988502
0.061987087871759
-0.024922567213269
0.698114368594276
0.393679301052400
0.755448781865538
1.251461534815602
1.532819561151399
0.626409418522870
0.413805863408886
0.234948819640279
-0.224791844000908
-0.234196010268962
-0.312436370085120
-0.071216995114192
-0.297905706700883
-0.324081426835620
0.142464686799072
0.073940834095681
0.307661513636241
0.516227858741288
0.757314234588251
0.885813171792771
1.051689684175551
0.416665782359102
0.742766035935719
-0.142154935597237
0.502648609281701
0.043158480969852
-0.235280667704263
0.542666167937307
0.084444193971371
0.211912568471712
-0.118242823251147
0.085358846232517
0.814036126846103
0.703638843150877
0.245668473544477
1.548237619125089
0.845953541437851
0.870959557718486
0.564258782976853
0.281084294841188
0.588718020680210
0.405893581896562
0.488902030831679
0.622286955770659
0.437709006197139
-0.017510867178888
0.029610493050165
0.019415233286836
0.675463841652325
0.810651906429097
0.752209431935132
0.814816310979378
1.668961146639795
0.722057527733285
0.553638023929070
0.915339139431499
0.737397906736631
0.444446668479868
0.678520829189230
1.080079776308203
0.932801290760361
0.832271966518986
0.422861784924627
0.949203234838659
0.639511769209559
0.607231075729732
1.231357914405857
1.370230412884814
1.742198221195464
0.977056471298155
0.620131954722116
1.159735571939203
1.346689892767579
1.157354636594695
0.880899662415072
0.900451851918974
1.264455648872901
1.030158318685622
1.027497947831682
0.999313736380468
0.803401130250698
1.569179635408755
1.369765600379977
1.044029184041317
1.084817343871453
1.664666761352889
1.571002718950172
1.402394022938476
0.810778801267286
1.029926646399018
1.311448219299942
0.587974218013017
0.715169147567989
0.585111416828793
1.387049603405945
1.178791893952127
0.957648560442924
1.262789159919513
1.023582880819031
1.129836172105809
1.626854833777527
0.794499748836826
1.203048688138800
0.941784383748821
1.125281639935004
0.402483821365778
0.251041382880048
0.833628925777091
0.895429716784491
0.745397603164886
0.311514804277403
0.178846109944495
0.797867171020522
1.157039986545485
0.705588016248885
1.528959250849256
1.416755173854031
0.479917620280804
0.736103594771682
0.012817539156833
0.562290519395370
0.290565182477871
-0.035291201175782
0.691873700463620
0.318963608399775
0.801259237784073
0.332591475016826
0.739081767234733
0.541102192229774
0.855735236786767
0.434273144468648
1.105946930778024
0.655455284005020
0.230116296368610
0.180094059349854
-0.141561443558817
0.020094097940315
0.037792230517157
0.435913907693782
-0.280787514727923
0.620315218520380
0.592117856172064
-0.250458675552301
0.253120209700448
0.561632117678310
0.229342705413769
0.537983636940798
1.099979133119301
0.984245379606939
1.135814802410551
0.485066338194467
-0.158586959954232
0.057127667204397
0.315754098570579
0.547601935030171
0.454741134854909
0.232033901797787
0.000746666110451
0.316018148567558
-0.136513034300815
-0.103060972491662
0.705292344027886
0.843346171704661
0.771367120165879
1.354942123985150
1.034143411032456
0.139238280976941
-0.197177397517123
-0.149012838531192
-0.397640199554602
-0.296849292315035
-0.279148012476195
0.478260844605117
-0.260028155641841
0.255560928620868
0.281067948036312
0.141826211440903
0.853529702727402
0.319625947203117
1.390663039660623
1.479942251654019
0.889125182664359
0.809772907686229
0.028021583145364
0.056010252760632
0.463093403480277
-0.251482010197313
-0.376258084009018
-0.166952578601979
0.432549206981535
-0.155146997578273
0.040511704236852
0.372304329468390
0.796615255984491
0.780825294007726
1.013540944380790
1.352204488936865
1.036705039122355
0.422988545684648
-0.274892875634467
0.524585289634001
0.272032144027047
-0.245868248104214
0.383138588160908
0.422574838725442
0.416011478324188
0.054392148860292
-0.095034728882235
0.529930548982280
0.505003583856507
0.278449353112706
1.306119406115213
0.932321928643369
0.222855020895661
-0.042035174107662
0.524477658488200
0.587316079200421
-0.131229168168774
0.474817784139018
-0.181940728637498
-0.271952140097636
-0.262072023564209
0.257512920087816
0.445955125485325
-0.200636668662280
0.172521062056739
0.445149674016896
1.452833010387784
0.755429727064156
1.013300393013430
0.812795294942159
-0.170593665685471
0.199327826844251
-0.257293066204670
0.550615945010304
0.030314884175656
-0.407142316961063
0.028900598443402
0.335737786232570
0.467858804604661
-0.204699346485060
0.745559411189134
0.756698719563387
1.028058406187610
1.522861677761657
0.873050783059007
0.203335859984121
0.669304547261850
-0.337305255923932
-0.143341927309703
-0.173214197805365
-0.202141291983560
0.027455406573915
0.505619493149502
-0.358700750427582
0.165346847683183
-0.069223749359926
0.206610843311876
0.591100434149378
0.979331695233902
0.779087880692067
0.578337837472888
0.482065177549306
0.554443560850318
0.249208749613749
0.212382778663897
-0.079920703469452
0.243916998205800
-0.331375208098962
-0.326107513082267
0.105981964200745
-0.201974420145858
0.663019529775725
-0.029765086781611
0.782366669796886
1.455831691972899
1.403285990285038
1.186398425112774
0.844448452217393
0.671915471748884
-0.018663047952272
-0.156236822548631
-0.210241032844939
0.390641497237038
-0.241386933049940
-0.167302089739641
-0.062526688038872
0.009636580055027
0.266525088388745
0.611634376955101
0.912244107435570
1.261336003999376
0.727561760248238
0.625218115288675
0.610683455014694
0.644169588917752
0.798347898127004
0.696703574978608
0.182223044917900
0.815418891951638
0.743911992415643
0.656498504861512
-0.035955267021497
0.698421062021715
0.821194783306421
0.786726994352044
1.014982883564390
1.325806289332560
1.435886234559633
1.106897056497021
0.895998076747337
1.171310030307194
0.934043774915108
0.823608987536605
0.797741380650560
0.966954053714121
0.950605155337665
1.023707229303691
0.250787150895421
0.434557024402783
0.754722987381662
1.115431103614565
0.441941426847056
1.377142008087268
1.021221512479940
1.250955613617560
1.005730252127965
0.659875494603093
0.923180990643036
1.249078972115987
0.588712880797962
0.799014935738710
1.046741883405498
0.688472657385424
0.620215517718408
0.941226565966846
1.450687939676111
1.435942488581380
0.831062065824474
1.463640985932447
1.343260020587659
1.475425555837119
1.254441671722774
0.867268809314697
1.012932949192348
0.845825262090732
0.675827846919376
0.820240118646468
0.734350816070383
0.789516498194856
1.116125833175002
1.323563614477359
0.678242727692932
1.208046963278929
1.178191524014722
1.130754832358747
0.847452082712141
1.336245781257468
0.705986462265896
0.743911723685826
0.766845442488603
0.621881705035705
0.959375436822987
0.263817048655525
0.778955950474051
1.052462114447386
0.689835534444351
0.715199516621787
0.975397205262770
0.998290583036080
0.661938976986341
0.967996283463367
1.073378972004907
1.122613975996457
0.639437024537190
0.872235853729622
0.023436880272248
0.562608704317507
0.058715242293353
0.174082544768177
0.795508483181404
0.626075388563628
-0.038478072099108
-0.060158503510149
0.312647278803466
0.639692767520239
0.634453118224080
1.102207913869471
0.988656187233694
0.938944067020995
-0.020118591113266
-0.166924526681249
-0.049431618387558
0.549000536447086
-0.156573526401090
0.534664931810643
0.439491705187020
0.379812633687410
0.105229096370530
0.255201178775421
0.195265029612783
0.543627753921953
0.979395861566555
1.394965215826367
0.951885909967371
0.490244778068780
0.643665636306360
0.271344846349917
-0.314874660328388
0.571838165759791
0.462293108353987
0.562076173233085
0.313990064371552
0.547347982952530
-0.371534207028304
-0.275155881277627
0.234656608576696
0.224232950512524
0.703925240380392
1.448958310728697
0.595503988282529
0.706613300702914
0.798344935687969
-0.024826814114016
0.035596441825688
-0.329204785265579
-0.306298549826983
-0.272685405299322
0.336249634972638
0.088647974597113
0.268765650663118
-0.219571989065271
-0.185904746260950
0.316797026128045
1.120444677401984
1.037952194380988
1.310349424932562
0.860824993366132
-0.105920593608479
0.488586464468618
0.284343128408890
0.464958556447194
0.319727380030978
-0.061456277714564
0.384180654272759
0.319977093271145
0.025809858433451
-0.061876837389651
-0.211559189424875
0.848808334187536
0.363849910279643
0.678130726607081
1.088367251807538
0.289686085524021
0.266791878775412
0.647990255976587
-0.152197264834129
0.110035066651393
-0.311491565235117
-0.430502447630335
-0.386908948597041
0.367526756216436
-0.254426159716702
-0.224054930586155
-0.045598070229416
0.006591479031882
0.804860913202590
0.568475655960963
1.416316427319363
0.843299879843670
0.686190022008731
0.238844906943634
0.211912642697902
0.174118276389460
0.510290666677415
0.000585677295351
-0.074984831804246
-0.040721662066611
0.343390425289907
0.068315132062568
0.082603176205288
-0.148333828867763
0.740223009197920
1.480570926243355
0.698821069344379
0.161532062738845
0.767931602757474
0.096317746417119
0.187680753512784
-0.362169380893835
0.011240467074602
0.216131517263861
0.444621226518130
0.186020785439365
0.400017990234041
-0.245237063481357
0.466183030507795
0.347803455700803
0.315791499195925
1.192142157811728
0.757481750034712
0.169537802086191
0.084570230722536
0.527973325668411
0.265883313797809
-0.220095803557329
-0.123972667862289
-0.393122818010542
0.178750639340996
-0.351545994339373
0.082084504720531
0.613671017522980
-0.232159439650616
-0.042333346230113
1.078762820774162
0.770273898550579
0.690395196547638
1.030224125517639
0.543492646079464
0.454434548637297
0.599090362172225
-0.258865225206891
0.015133833921804
0.455375027759362
0.363425261945254
-0.157638308988244
0.615680481347650
0.178670037291938
0.451179229624662
0.055651277308183
0.340240509506217
1.489607945358665
0.797790318660097
0.636153285653399
0.742516602333539
0.673513005076640
0.359330393302819
-0.199965762513074
0.610553681869051
-0.067960204097868
-0.131635471357425
0.105292502222757
-0.061864861969884
-0.029278022247194
0.305860858409322
0.116417745328571
0.676927279864804
1.223831031004919
0.697560116082346
0.463480713568976
0.481941741225865
-0.029374295917550
0.172788294897214
0.672359205820903
0.731226203658657
-0.102912907556509
-0.100071221410255
0.725797571691226
0.436000408928926
0.653309322555178
-0.011372087733257
0.829977874973295
1.015448481399076
0.898834026172705
0.941753850873283
1.017312205621658
0.478987354976547
1.062133866701262
0.807379818675133
0.236649962459598
0.239731013888923
0.962479067288452
0.647744035924094
0.477680022361890
0.216117481827880
0.180379752811728
0.722749517017987
0.856380191930090
1.159541958985180
1.324662547919424
1.610947870264259
0.849138049985895
1.286336369116160
0.628814980625011
1.502069987265766
1.084975294936427
0.646909139213429
0.543638202854476
0.962864057289537
1.229693288646411
1.329547490913629
1.033522131016630
1.043448701896388
1.153618347377726
1.503287744774318
1.567905319662039
0.978383793302460
0.737055020463310
1.254820251040038
1.379480526985097
0.691740432767110
1.293093839372986
1.190586637047552
1.205580661837756
0.647698735694499
1.282517488680753
1.259684930510495
1.214559137447757
0.918674413117107
1.071785081280143
1.016403436108268
0.958634519740563
1.309648308560598
1.456197194704455
0.504412963234524
0.785846991510602
0.724302872595189
0.481504720390553
0.751108609309683
0.144970573952139
0.189195434865367
0.563141798147055
0.671338995857147
0.723048225947202
1.204733454977502
0.649266049342385
0.769421004656765
0.827761262213643
0.985612344381537
1.230730742543645
1.011808582231335
0.460061904127196
0.576726832737191
0.447623925121126
0.032792264710894
0.641816452114340
0.175766089287040
0.743584986823163
0.319205594383151
0.556466925961536
0.289270575572444
0.829054331303610
1.073524537680452
1.536091019223445
1.298411607168814
1.177787271234401
0.456376127529451
0.097019808838305
0.045078361130581
-0.186033849694400
-0.013072561562314
0.038906456424078
0.214405109963039
0.502796500163366
0.613899308278754
0.255531048446103
-0.034296130900568
0.157092391185549
0.837187005853605
1.074677584816027
0.675091900011941
0.723419805913461
-0.085523209923832
0.545386167590676
-0.201380979086813
-0.189957193645813
0.199075855204299
0.050717750660231
-0.334263868423277
-0.363350322226601
-0.270577973041687
0.048907504317456
0.511979753276822
0.764150490708479
0.463473437842047
1.034665031326220
1.376570087298636
0.946999336985915
0.653153742578961
-0.148981307822277
0.536541129184877
-0.337840261386033
0.065894973342040
-0.004262521092669
0.444149438292708
-0.035461427332215
0.533882050977307
-0.343270789876653
0.303250463158202
0.441634982397030
0.679193121950339
1.249737666538899
0.669956077393002
0.694151685178058
0.386069035100690
-0.036915712710743
0.353372987485839
-0.312895392338617
0.275024817677045
0.350339106440997
-0.311189414352285
0.371229536533578
-0.240280298434961
0.518674052670531
0.379863846229876
0.342888672266693
0.532898347429560
1.049696091462169
0.823970570244029
0.316174062967102
0.518652015203534
-0.114313688800105
-0.135930197216956
-0.269663849732084
0.188604435166056
-0.313412014788829
0.103007393611500
0.129041142544386
-0.262188676861481
-0.244906164652244
-0.159002595169109
0.558568072536789
0.998552444163895
0.814822152890637
0.803126300399206
0.530165260446667
0.409174850881139
-0.306775904464124
0.119559870580569
-0.150289381450998
0.373326556558283
0.207550694484092
-0.352638818360976
-0.447057763299644
0.131086797821510
0.383150791284229
0.172893462288070
0.810844616928614
0.431592393827523
1.307904597206979
0.686867687552321
1.105232060036866
0.832621980747738
0.097761178179908
-0.250344416072098
0.201225359726715
0.127928381776097
0.265021479672413
-0.233398208756755
0.293725485580809
0.430090688027904
-0.032104232087205
0.131840287755270
0.577943451751377
0.782080680753230
1.247716910065755
0.677660811937674
0.359560589687012
0.594746976929915
0.353095004523235
0.130019053666526
0.150967031033097
-0.093090250832730
0.191116884933173
0.142906908230222
0.467638079552841
-0.014062821124004
-0.325155367479243
0.555339367401897
0.560964738622714
0.975444279619149
0.549158890133266
1.240741610409812
0.993020716937073
0.324814322664752
0.566100617900946
0.124566278643830
-0.361826936336612
0.174932490430984
0.302650451812497
0.369228998793311
0.034659806974222
-0.319049739472842
-0.142677157719200
-0.117510198921069
0.596129136416484
1.082265579821908
0.844654100172942
1.531117787098035
0.889524557575700
0.924636060324230
0.271056473940258
-0.015909986778808
0.011975182923929
-0.207272285769198
0.521541826799845
-0.098111371844035
0.193136873169823
0.592282144095643
-0.204269909710109
0.003634203860535
0.673850909125261
0.288154838819808
1.474970749217681
1.219440027108279
0.855579610018357
0.844449134563473
0.017365132192497
0.461353735344570
0.194322947041330
0.625609585219866
0.193238622995771
0.616778421270884
0.687689938091950
0.412431306644626
0.803273971608533
0.494175063595578
0.553381001209675
0.526353238118690
1.140543881740372
0.918609139883153
0.707590635856005
0.315902335006154
0.661049364210153
0.707989817295813
0.253663368925878
0.427988168838551
0.897455808772535
0.755859041029459
0.322588717757843
0.978566622905477
0.986944534084683
1.127072762221009
1.232358941603396
1.221731995776354
1.252334304644167
1.377568092988485
1.269382583278248
1.255948384770163
0.680104378720735
1.441159263538649
0.946681264439853
0.993222409389968
1.200549559580625
0.789546873724437
0.556598910998435
1.140178642236999
1.368176242583757
1.095183653582070
1.476540901774957
1.081457541673035
1.596904352318820
0.989178073943855
1.147699157352619
0.877310133086267
1.286119317596003
1.115093524396394
1.101388580497506
1.031667154675353
0.739699964093043
1.306031424444438
0.893103328011706
0.606636910858804
1.280763920059153
0.904209630145082
1.476591208621429
1.004898988198391
1.707465840486356
1.133861924960686
1.414665064303273
1.303779673460059
0.546314346528398
0.541042883713037
0.625261516438958
0.169391167831986
0.792828734175748
0.667083464343268
0.800341786376815
0.660485235086364
0.255251966587817
0.762168121467898
1.210056356166341
1.323116759120127
1.391203548004178
0.956217499166744
0.409085915357214
0.483000535947716
0.853219508542277
0.560054729648004
0.758583815861286
-0.040054636917363
0.287015439084667
0.100916944580935
0.021907336941390
0.031810471882661
0.467170644036718
-0.030708809783301
0.526764416727831
0.728032344932546
1.035775156260335
0.952034462245781
0.632412870665364
0.717538284121512
0.566481650530958
0.639960079291453
0.489771378505578
0.101600669538873
0.110307609497117
0.126287300029476
0.605031709443822
0.215020025671729
0.722237371036701
0.626799727094804
0.310784367103552
0.865850068107749
0.702558939424227
1.003264599205112
0.223197862651924
-0.063043801234805
-0.141250481366829
0.606963072723600
-0.243692847221326
0.152003701988181
-0.220621814685833
-0.115323692227592
0.298085199255482
0.364350080500407
-0.054400079418633
-0.130498512968903
0.054337716071214
0.859538736272760
1.043330526244366
1.117242309249489
0.603914452636636
0.134200098238508
0.189945911160699
-0.131063664346676
0.254079074491076
0.469680915659588
0.232240544501072
0.131122200122684
-0.036245019740894
0.232891341198543
0.001616778166665
0.454202065781723
0.168508881384926
0.652001267179165
0.726994952604717
0.892913640200150
0.688752631290109
0.178774612758985
-0.001687019264630
0.295193297644808
0.431629479289346
0.033913020356850
0.504952629111414
0.087812049072599
-0.240052646216178
-0.193584165423231
0.272112008485948
0.055789378331614
0.785000559284522
0.295273329007683
1.466161938432869
0.920296678068050
0.558227678801495
0.275024027340838
0.316981514392703
-0.299792110419746
-0.109071510713918
-0.145642593846205
0.205080119993679
0.257160609804813
0.488228420655563
-0.403399911311174
0.056522724140775
-0.074959903807857
0.390173931525399
0.779525026134005
1.123183572029799
0.628028233769920
1.102602213211879
0.752456982331147
0.461899312696469
0.438055478620062
-0.047005783963693
0.294767432068549
-0.078318960029293
0.134288179494803
0.516832161803363
-0.405062134230348
0.544416139708729
0.578368729423728
0.039326960556701
1.012540106109201
0.812544043135908
1.157723166891907
0.442730195499071
0.769642137434320
0.406296330460913
0.248034407908009
-0.197873550319380
-0.048689457734106
-0.086874025854017
-0.277181667763072
-0.026822140084920
0.378362042953627
0.007992385626317
0.644018828449272
0.309557981081945
0.134050760325229
0.587133477593451
0.982653386724753
1.056074860439953
0.704335792240572
-0.022224420838761
-0.072589031662415
0.177675166538416
0.239394419958626
0.470993586727009
0.130394589466594
0.263328693328268
0.426617438574326
0.068524583497615
0.579877833588696
0.584734202502955
0.876049930640998
1.046176296907091
0.602223341582917
0.831056562185892
0.131208272348341
0.424988256709677
0.559143449694473
0.261195872320022
-0.324870746289591
-0.311095097025669
-0.330468676778650
0.482159910994928
0.106121582878202
-0.331719859782681
0.060507674715608
0.373712644786186
0.234894305378182
1.328177172134575
1.003279910890267
1.149071344307018
0.029776583899748
0.537663831788566
0.264848124261736
0.444029283696870
0.333117433154770
-0.213279814485824
0.127488597460458
0.173497414152390
0.248684968765889
0.043646099408295
0.005150193053856
0.231283263439826
1.034881966582962
0.838236271260714
1.610719811672115
0.402799729852125
1.060879576648549
0.838775014888677
0.626828598571639
-0.094208122846862
0.828444314597407
0.655902655921510
0.774304372486628
0.315059419629185
0.684586235549592
0.136455943437651
0.896915951999454
0.977733055284531
0.344751701372297
1.015229708884705
1.597108258891498
0.623786499897471
0.449521876269252
0.615997101599106
1.051638415204754
0.923896243037037
0.643432986337636
0.464308761418674
0.404827729624798
0.195021622135401
0.792838053241842
0.637232830503084
0.555449638691176
0.793628218896452
1.235694373885053
1.071990901276881
1.481168690513539
1.493477937378249
0.890669226018426
0.945212052801511
1.372840803345428
0.780095461323647
0.716651392024300
1.286168907876730
1.248142138107559
0.551596818376934
0.559054362177035
1.229437445224863
1.513808655260977
0.712863196364032
0.816956680757993
1.693899845926599
1.141843849506880
1.017819285429788
0.930841939566377
0.782021828269646
0.652439799415355
1.365548773788023
1.089910646212986
0.923039937343836
1.442827280569973
0.768113730767864
1.443547388802360
0.847167151054884
1.338670398744675
1.322643095684550
1.385274084016582
1.240153661398641
1.202496626041153
1.432200102347553
1.106816025924411
0.548595083513849
0.389572609503750
1.147032809903463
0.253093935068108
1.098677953704175
0.186440713732706
0.308077214897587
0.832433244314244
0.195046692677150
0.503846865170136
1.111602542332052
1.352119090086619
1.273998061905306
0.718140280628304
0.487033263046382
0.862979778409698
0.151841759371229
0.898095131344922
0.188776906044200
0.434327299563819
0.754331931994942
0.402139157309323
0.330096258982246
0.063880816098490
0.198874970597530
0.118601656762897
0.931489182361541
0.984113151475665
1.238428279280562
1.358604554807340
0.681282949359838
0.919454354874120
0.819743685188559
0.205285852675395
-0.233491046615119
0.649190422815226
0.182366740806579
-0.100619085678875
0.315232935794782
0.219147987930942
0.229381955831362
0.230099092802668
0.334496110129405
0.245663446451675
1.051781960883733
1.087140702842920
0.970318430887862
0.580431293717109
0.277609941209871
-0.220801288110901
-0.136029062748849
0.025426785999972
0.236443820408497
0.285461505297052
0.189108816256974
0.541719484616356
0.484005136093141
0.154536036496204
0.475817209173646
0.589991094568023
0.719286479625591
0.570926489821485
0.524331625107189
0.058717315459114
0.206178355200183
0.061448017666175
-0.281744950206286
0.546452503336212
0.182906417200859
0.289439491116975
0.028854487755404
-0.323610588023662
-0.249889986580141
0.530893091732047
-0.019267934699485
0.739886661947390
0.874232332974859
1.437774148575391
0.409304727004731
0.740934590941325
0.712302036063086
0.119849173486762
-0.139934824314071
0.195713934128974
-0.283505480089157
0.391922245116301
0.081596263280726
0.540413975734153
-0.153834430933213
-0.212697110925900
0.239377037710484
0.537867827709236
0.639508720100957
1.282812954497979
0.716629355718612
0.461921307475956
-0.130057546689024
0.318746526562874
0.147491031588174
0.347903479905654
-0.031302100656289
-0.436425033897267
0.408697699457857
0.092664370726561
0.425541685601237
0.646699050697028
-0.033992592910907
0.289201715723503
1.378804892491437
0.913855505603240
0.168024652066098
0.722158836468061
0.570287519383077
-0.074068454411529
0.072892895542068
-0.398947615140921
-0.302079291072006
0.561179249459356
0.541978325290988
-0.068349059960037
-0.310320845957784
0.047641183311125
0.609481880429012
0.323818104338711
0.631421747738588
0.875661359355626
0.935525961522523
0.142114862107304
-0.260620364169938
-0.012962814481539
-0.347954441088882
0.029652595334470
-0.058769055559467
0.478562305787786
0.534597751084059
-0.237058636486172
0.472880066830207
-0.230550401039861
0.193488708401720
0.845465873606090
0.983716596012474
0.919775545790269
0.730128217968217
0.208425647655884
0.395978720125676
-0.292202578250557
-0.031595875031193
0.413764559607430
-0.340573550892379
-0.068770634284842
-0.239944210850590
-0.253530667235157
0.323389676244484
0.633149731277699
0.203643057606798
0.940818305722477
0.801010325241980
0.698891954763222
0.257459351076653
0.213918026738756
0.251610285049211
-0.179177976207591
0.403815450939695
0.510307494659780
-0.311987771167825
0.357084500637809
-0.313976176751718
0.553595267426932
0.464381759202753
0.133025772092092
0.520898633979881
0.419423580373515
1.322071580306510
0.806986198752850
0.822756869686673
0.433157088277524
0.111387984538841
0.716239801991984
0.004910591930387
0.077730993728363
0.020251665091319
0.167836107824410
0.220077169983598
-0.279973264707085
0.119736384573384
0.656479928168425
0.756216718029657
0.859231860757319
0.571030400203502
1.542563260968473
1.291753859638104
0.607745723435170
0.021374448094110
0.645456732117858
0.272590486629869
-0.006911242088869
0.344205154077161
0.327435663594404
-0.089650315554785
0.153206173624766
0.747543415747814
0.627184335227776
0.621796978617430
0.943318597217777
1.535777230113015
0.895230171975556
0.606516174453212
0.529480261623559
0.352755942884294
0.581323143758398
0.731742919147816
0.596810239583640
1.016050981149744
0.242563426466389
0.603410192022496
0.407120015436987
1.113484536870929
0.478862191199842
1.223430205047395
1.438770435927148
0.915720383449973
1.781793599268021
1.224478100944556
0.900802227193253
1.250629722549281
1.455523936449157
0.938862615921641
0.694220037284619
0.906071694614460
0.987246954357272
0.984074686222483
0.777919321662114
0.687849600915956
0.580500957208058
1.521982185223393
0.789751912375017
1.051023745464096
0.922522172784773
1.060133639493082
1.016464674462812
1.084237898038538
1.491558667309274
1.391883655006258
0.930544983902481
0.588060455686134
0.867215905031241
1.214281843503946
0.575744979192068
1.185077764438578
1.203409615640508
0.647183685152695
1.557836003228425
1.397720449868336
1.251466824275071
0.613914953062467
0.573972472011562
0.683989587952918
0.729180333116890
0.586993482420969
1.001609775428592
0.171100362940892
1.054216797423067
0.272161044131131
0.359534420129247
1.124048909155361
0.269278746394307
0.602282679354547
0.628061165841971
0.806747321162622
1.237895410828748
0.843575918664205
0.701022830813933
0.517060257392299
0.281465274619910
0.863662232294830
0.455295716339253
0.552677507661059
0.513692299164508
0.476707711889884
0.192992466129430
0.167937904280295
0.579218354441251
0.221615458220430
1.096987615295214
0.729619573062394
0.810890839945859
0.250121617748484
0.544007044525086
0.612335431580191
0.209278190216370
0.128561014188278
0.497942481204953
0.035802537182544
0.207940751670021
0.675550177157096
-0.013055519511652
0.287744271072944
0.063399539490038
0.359183814215614
0.818554588286306
1.383409631058201
1.446314630081777
0.366932203213293
0.270839541986654
0.016842105048009
-0.158191405055834
0.562044722464655
0.543559135426915
0.389540517578623
0.107847503574915
-0.183896405015193
0.643304095615767
-0.252951403966788
0.049837374749195
0.669263717525560
0.324222211504771
1.044866217543474
1.310332038216633
0.867175904710007
0.168761117524108
-0.056725713569210
-0.244106697891305
-0.338275017106799
0.117203493309733
0.162869839749566
0.568658468668225
0.342244365245962
-0.310109407338280
-0.161653303964313
-0.154081262855197
0.545287592991602
1.140586346232068
1.526308236322498
1.377008944727049
0.485658872305434
0.124698634883066
0.708147158082028
-0.117122413337731
-0.253576936322142
0.323772003592733
0.278574502649958
-0.120884445028560
0.284681541063244
0.338335540487741
0.203671025416470
0.160477269053902
0.751033603862017
0.201811185987881
0.729570202692931
1.115536049151221
0.477013271235011
0.283829432364653
0.391145442400017
0.009879289001360
0.520759598339755
-0.174813387373783
-0.087207276347138
0.223506036728275
-0.127502048386291
0.098713721772587
0.375537775466645
0.652294695170122
0.351160092239769
0.871001599473888
1.298314344611884
1.352486421047417
1.120410384127517
0.632739184480003
-0.234863693331110
-0.251727999644704
0.088078033485577
0.329280947706211
-0.021350706633078
-0.248748966202219
0.041841292099519
0.543844529012046
0.228538231227954
0.035113640596649
-0.137172449129186
0.929959965481224
1.423470216601745
0.863984234101967
0.348621146854011
0.449672410045077
0.409360330440379
-0.245965734083272
0.409317650730786
0.612041732498771
0.336144943336535
-0.330458733574809
0.094505202081090
0.080351727398897
-0.357345903126936
0.688919342022302
0.067997039366614
0.911757709647581
1.311961875670221
0.719162267135803
0.689691947756919
0.723198049493870
0.006941572462470
0.662015822270060
0.184074447535179
0.272645731155311
-0.229757116946996
0.613026243842932
0.198942189479924
0.364121950638349
-0.037032984856197
0.297644350536013
0.403567150413742
0.350937396630331
1.425144440827314
1.282716676867432
0.955012486419391
0.497753086263807
0.591191921663499
0.256544098264731
0.243679464666654
0.212933353347993
0.279701727981593
-0.279220600220013
-0.329872474390221
0.280623768786465
-0.284081180278269
-0.035304126497652
0.291909746640748
0.981044985768226
0.926247733723864
1.507488180519798
0.876558413859235
0.634488136191618
0.753596583535529
-0.034441118899568
0.039502829405576
-0.201094377136952
-0.083070823005492
0.604551679635492
0.523184825261062
0.222008488308786
0.191431183624816
0.134578539761223
0.649426196550297
0.539226415487930
0.608974919268221
1.102859065781082
1.230389243599102
0.967642369499606
0.000888915046301
0.401323604747475
0.307641027674672
0.533284088682170
0.430277348303025
0.312220988584747
0.143925814592108
0.460164950454861
0.537507896474800
0.610473754952858
0.473455962224634
0.324001906194788
1.198075062490232
0.770656667869469
1.161298665214335
0.811585409759813
0.457496027506315
1.145469278120151
0.708094495666674
0.568940525004721
0.987494038796655
0.491565883782799
1.048840442302489
0.423310292236146
0.817978219265434
0.798001277533119
0.904904935679657
1.169193540876770
0.778351361368552
1.375455157669583
1.288729123155919
0.719579875681240
0.578725571320962
1.530709752870263
1.272835581225254
1.083547573990848
0.941386744739052
1.530518895698362
0.656698184926167
0.580964851286338
1.194175887147137
1.087457512581221
0.692044683768892
0.949296833740793
1.422789872600614
1.635100324176376
1.493022899962048
1.489186552393614
1.355517389324842
0.890752665721345
0.822350657841202
1.156815088111037
1.218753825712057
0.726320102206539
1.439929857431788
0.894301859853119
1.346049041222120
1.093854669706045
0.680630530480802
1.568264435578725
0.866887601740758
1.339490888765288
1.445619473841425
0.386909072915546
0.862268298814685
0.901823269694823
0.787983746408955
0.208080748452467
0.876986818663620
0.917308247713865
0.270881504877059
0.560078811201242
0.480613742148678
0.423123963743866
0.946256135677181
1.339157049824905
1.646505231977986
0.992127918062048
1.019979137596833
0.822464231381594
0.680246030174499
0.887916531269360
0.199224067075714
0.230842564229127
-0.005035403186628
0.052133231140763
0.546706894570660
0.772577045605579
0.570465594208144
0.656655599759080
0.784867004061831
0.943718527924828
0.856526011213947
1.167755764061333
0.886489834074953
0.844246402767699
0.136984213174462
0.029369004859795
0.607171531197383
0.693915952781934
0.681506862256983
0.647840378251121
0.034298222504756
-0.049313650087439
-0.158609340381170
0.726223784552625
0.996355066648692
1.178430821869781
0.754073511865253
1.211078547961108
0.813592343025212
0.789080863186785
0.371239545520540
0.595069059423817
-0.184608173508944
0.295850288376004
0.633531551505425
0.384669521235016
0.099184910991950
0.240949422133681
0.049905579724234
-0.152638243672343
0.067602852684458
0.715342490337635
1.147153435770494
1.289574060287058
0.517657453955150
0.774146623572446
0.720940682396569
-0.150092527202664
0.417625685572400
0.490143116636266
0.644207195511362
0.630527474678582
0.624626995190485
0.669576449770666
0.507096520047465
0.711829755494801
0.835488442341016
1.137164955359385
1.100930615108819
1.054117357009698
0.956861740990571
0.031463528481731
0.115359831776516
0.570231983597525
0.355328252794029
-0.080098064958380
0.184131681870509
-0.286396057296943
0.419346210406042
0.488784745005681
-0.223172399406234
0.637954933873688
0.239472735247420
0.830902045541357
1.125443391739565
1.190656391814626
0.665890195007132
0.434230368756746
0.537138459831660
-0.084704164127370
-0.008737438158711
0.392386178379984
-0.182897979192242
-0.085744972061203
0.358086696712360
0.612059627018728
-0.126738142225820
0.370814781892981
0.806034909412437
0.893111719530896
0.629526367984404
1.211495560933787
1.001773310328818
0.347470264475084
0.286789541570159
0.197154612966639
0.342009699599407
-0.307627149041540
0.193876904532720
0.073679320451083
0.489932804417165
0.269995752471291
-0.033654359097200
-0.087995741156791
0.159603750410373
1.011458803485034
1.308811264855724
1.281032173144335
0.532083302400525
0.456300848145202
0.706686373091767
0.365161136327680
-0.074554982071063
-0.252903411395741
0.567461587125654
0.600913911372581
0.673788794244958
-0.257362387353672
0.227506328163441
0.660694196690299
0.693683071631378
0.775734988439410
1.077020991229221
1.158234220042343
0.220408954860700
-0.013961285012740
-0.130524288917783
0.403903142179434
-0.248905131190030
0.282838389157140
-0.238767573336221
0.554928780580649
-0.138204852511656
0.022794981553064
0.713543256458654
0.194745855458119
0.085961774712686
0.937945980574282
0.675526228156228
1.081872882801214
0.500972695066460
0.020704073448791
-0.024630089039067
0.274508962279698
-0.157223740375748
-0.239930828326770
0.155501349971270
-0.175632063777168
-0.194707656634874
0.670314449889862
0.724749790530699
0.665531097815114
0.492586949471463
0.709842076595183
1.005377868158990
1.172471131475378
0.818702341778114
0.548582227462218
0.130860596746155
0.428960424447896
-0.096191542438248
0.099884725753113
0.249184382997310
0.058517403674483
0.409722286948384
0.236860885115229
0.478950930347032
0.648235087352621
0.202207210373971
1.036544274499886
0.863725465197214
1.134728229758746
1.197420786703747
0.572561491045028
1.017137297880255
0.920159802161693
0.402102221371863
0.361161949947810
-0.015891402242926
0.471927293075137
0.292499612488971
-0.041931684354255
0.339135685552124
0.908300300051376
0.656526570352935
1.168832925443566
1.109136916214743
0.830877416865545
0.864016037419921
1.059744873715103
0.943163777994740
0.665734426645661
0.202329570485858
0.328076270007106
0.898213819222614
0.808346635433880
0.758533213932230
0.561765283275916
0.593204655762355
1.013892808161129
0.501720828678056
1.169995414076853
0.984350241555044
0.881446116214074
0.838783640056714
0.895588669749627
1.561770209617914
1.128620343105926
1.226796526300878
0.568601022356882
0.645735384947689
0.579432853599606
0.586661853739915
1.036309311063214
1.494518484070373
1.160572795002093
0.960917996638267
1.139186750692744
1.529797315579335
1.574997384978199
0.905356036808866
1.065467340088509
0.797534556082144
0.770872521383340
1.125106938303088
1.472718415862627
1.377854321936657
0.700432392659181
0.855998480388334
0.789305032553124
1.497182477307636
1.070028107972500
1.545171878834876
0.900179720808871
1.321629249116354
1.734669169990092
0.956448589458741
0.849652684308089
0.878409621049540
0.373939440092184
0.729954066057856
0.913620018834045
0.379112941332111
0.768006137417924
0.408805367960926
0.336749983596588
0.377077481919712
0.802193048591612
0.885661698406129
1.312866329147249
0.917445561399603
1.299910045414330
0.556828215137691
0.554016763745651
0.889649441736478
0.726487682568847
0.229370770214444
0.569090348575805
0.773096331287300
0.459451744915167
0.739872326349360
0.657892663928488
0.910102706821768
0.670183120436265
0.960405769655353
0.693719041022090
1.193095023145460
0.776576397760028
1.053818561525631
0.187993695900608
0.212764132690347
0.108045508447530
0.607466159069542
0.211777397819934
0.546661896199268
0.719014792931351
0.259029900493195
0.638878618840141
0.217211510695815
0.818285706749763
0.591525952751112
0.762880797374573
1.062811782940919
1.240267274738155
1.059801355164718
0.276289800375999
0.214282166041647
0.818201969830311
0.569808409321574
0.834311313505168
0.178955181512244
0.243536677005414
0.432350626868607
0.030290281185090
0.826628390801108
0.262399265709663
0.522098793395066
0.751740541091292
1.067099499328778
0.792017912052907
0.812510939977816
0.726136673250240
0.264570088545301
0.078052254661381
0.799931758403713
0.799971197378084
-0.159343957766459
0.132415403837496
0.515292098517987
0.131541839260950
-0.009556613216316
0.090890155460721
0.783947021400665
0.842713579192405
1.395999003229217
1.118217650626228
1.054786949501018
0.117991302680065
0.359627890595642
0.347621923200629
-0.116466369525765
0.598071272847713
0.704900879420971
0.456873300664343
0.769595060933659
0.667354939462602
0.818170090173098
0.328452333351789
0.349648061824450
0.698293436166762
1.199201654785065
1.458073414157706
0.384678896624775
0.996162676659412
-0.014369592122272
-0.063301075489492
0.758459911604467
-0.082459468215013
0.214889481298545
0.445776063569173
0.220324969274114
0.369188065406612
0.661246342256909
0.062229435301321
0.157392020031319
0.877383936429127
1.262033532733621
1.520003629816201
0.969730550900136
0.166619190552599
0.324161466800599
0.610908961122117
0.732203976755649
0.126394292434748
0.221280899018389
0.682533958203496
-0.026657014138672
0.209674995403402
0.139112030312653
0.381608555567738
0.852375121517662
1.156620679209905
0.922728418398781
1.552913049004650
1.137540299441936
0.462333197331863
-0.049543716577648
0.654688722863548
0.347402237269696
0.263160454560518
0.255837396307135
0.750513458084863
0.812976492806872
0.085991579302823
-0.062082900198150
0.025923433721902
0.906323474813012
1.018772665395453
0.629126885697181
1.201680626315829
1.183086837083420
0.520059496706917
0.277354413189254
0.673021068163796
0.610229514524985
0.591781566113323
0.505784047993489
0.760478675838414
-0.025289808860274
0.805526004991880
0.259414829779421
0.877604380598317
0.903566313806496
1.001464909327913
1.511432510118203
1.369644434463794
0.471523627967040
1.044864421458103
0.501987136246305
0.583355752858581
0.273764117837980
0.849281736293104
0.479665073285423
0.257318460208987
0.101512080433546
0.572072312658017
0.396584581291624
0.057311835871700
0.532472230159516
0.843178994390166
1.324802265023293
1.039835368882006
0.384451207492638
0.215889545286727
0.215021420290153
0.770522146811851
0.773751569565770
0.804824215849989
0.664433431219047
0.905157021689574
0.763418330932006
0.067591467372594
0.887214673796996
0.708040464408772
0.999311077502590
1.196863782690415
1.102367530283711
0.768727759624457
1.276249218404113
0.270466734801441
0.902535363465149
0.346756707228072
0.084934677598029
0.451111815317170
0.715314412693790
0.319142597523252
0.153607556608706
0.235226079749622
0.461251117004082
0.704669237892769
0.977167907913912
0.536078709782329
0.675979397121445
1.590253861239942
0.789987723367008
0.631797872446384
0.978253372017412
0.376005089586720
0.379071679219328
0.665529016256249
0.336689693553833
1.216727620842517
0.806778058313999
0.291830592103885
0.954355553533958
0.763577022699250
1.313222015477074
0.707548171296040
1.291808101307370
1.662077606202190
0.970192157543157
1.001188840508299
0.693597064151879
0.856687802416527
1.328420073995195
1.332283442994352
1.119250440928468
1.439753364966022
1.526230270017223
1.533564638159432
1.059310858840997
1.339760750330564
0.760053274476710
1.225398155346421
1.420763139882891
1.245213689252596
1.521313380088989
0.965378734243509
1.146024380268561
1.514069335178021
1.300716122489008
1.191132275050384
1.457944137508565
0.851468449949685
1.230296131053469
1.155893018385928
1.325202361296770
1.189027979986017
1.391039403691165
0.986660638385153
1.166820862367551
1.674084288073845
1.154522485179065
0.875580647033919
0.588317068628245
0.684445613410565
0.506516128746976
1.069569929193182
0.515321617238237
0.445320508989558
1.019547735195425
0.992717702169439
1.187743512843060
1.166198387999113
0.578233143863891
0.954085845052983
0.849090594079457
1.514431830271197
1.067213156277439
0.870826853458086
0.886051580499632
0.408355983885902
1.226697965067938
0.589533778976810
0.539287074967743
0.760108020790874
1.050519122820188
1.174052422154732
1.249845230906191
0.748232099831144
0.480854501853756
0.787892410994569
1.056571788159534
1.331653179399569
1.078497746113014
0.744504898931305
1.069775147512840
0.849844056866762
0.223583310436613
1.088151862363961
0.838870760842104
0.813370114057886
0.653366107593060
0.600040324561098
0.533491253570230
0.767789617204205
1.063046716621226
0.884549427511511
1.038142163998705
1.008962199749809
1.353768072326831
1.188544131831309
0.617034056014453
1.007048942124485
0.358933705829933
0.838724922436869
0.491890748724880
0.161906415075048
0.764966257396863
0.492996866366383
0.633380593973381
0.935757067256660
0.912489928081121
1.272209117562576
1.085233579787034
0.962599051545360
0.713515000372375
0.512970796043188
1.103834433870676
0.463426075787846
0.288586600678543
0.732849035381502
0.110161523486677
0.800161878884324
0.190536399595419
0.497535609325535
0.391165689903282
1.032317677878617
1.084611317371284
1.053837156344348
0.884437992987733
1.450684511629742
0.984245145526820
0.904955449405033
0.792874625043495
0.918102939088485
0.480524748601637
0.125162541650446
0.961809092141954
0.151912465760778
0.522576327715427
0.496035918794152
0.954791948873872
0.252693412051019
0.498303522566743
0.678875071220306
1.065652230586173
1.237403028921718
0.950395697505964
0.590126857305945
1.055820561316545
0.834695850373779
0.082363473443346
1.027688619444043
0.539075158646518
0.200526676892089
0.451702993377780
0.850811432111144
0.118366546510874
0.366847340098927
0.643036310404372
0.643355925556113
1.669023443492391
1.663047998639014
1.319245245037564
0.893707619648085
0.940486349910501
0.398817818565900
0.779833845255799
0.767066656407025
0.457970249099924
0.234265502631033
0.192047199585910
0.334843301752533
0.370981408637635
0.518634866906667
0.748309443795146
1.074749038949100
1.608868632149819
0.743154385191626
0.446587386475516
1.105124295434922
0.941422315777533
0.128870915176938
0.894878019870257
0.345427232873754
0.237873218845139
0.277787056185378
0.123916195197040
0.274746660410234
0.526182658054153
0.593662308394038
0.654407020129848
0.835717817823783
1.111216260291708
1.027826016249873
0.523145856599589
0.504278777601561
0.793843685463051
0.903453294538931
1.030405311000332
0.113126973105138
1.039972546563606
0.146779579610932
0.366620803228480
0.322101438811720
0.541367170146987
0.941503920700552
1.135675686455634
0.795047294045724
1.538300777581099
1.638292735556825
0.701115343533177
0.944693515989558
1.146495857727860
0.203684414979997
1.053326994419747
0.244829888723596
0.380623262918370
1.095562199758489
0.432987343831456
0.813730679267063
0.565419980375437
0.917265787496735
0.394227622414989
1.323927503914192
0.788854447944129
0.969328251514815
0.638104428108334
1.070939331390597
0.271400116989887
0.286384767296765
0.947496759508809
0.166375798894064
0.322006996380661
0.222043761601017
0.391351666037304
0.763073358406444
1.033749779868626
0.353276087788829
0.296428201745040
1.207323289160078
0.804595754402074
1.028068063215289
0.970598371031748
0.478113714117163
0.668177536040319
0.657873054295852
0.486856754292314
0.892718676963107
0.627458050295434
0.811272474095915
0.595150388404897
1.079195755009572
0.586823058893045
0.800292678276086
1.119710885944523
0.974634780326359
1.511524358116349
1.735375675516499
0.867849568379552
1.369120990410563
0.509803384377566
0.460581469979388
1.280612727145205
0.640874774480988
0.514846058971467
0.521244570182465
1.251309260622211
1.395142995283879
0.691157918838819
1.311861589206351
1.259925065477506
1.016280228309102
0.946017116253744
1.085211590722055
1.281481512390646
1.253134694201879
1.285216153870193
1.404911736112804
0.840730896232408
1.645770993852229
0.964913591033967
1.197704270589897
1.487370720271656
1.311178674661279
0.727207905357695
1.275531805207412
0.837457405271118
1.630609181158204
1.403299795033006
1.279572361952723
1.564063975509858
1.410726509294459
1.191848975263323
1.354013352044923
1.595044212713858
1.275528156178368
1.456617342112320
1.440689110187430
1.266473763767139
1.739609365357684
1.315794977777037
1.035187267449610
1.164089888926114
1.533720824708539
1.337568476983345
1.685107212690569
0.954671806690266
1.709350807290935
1.206274565970401
0.999175432770050
1.616259075293614
1.470604829433713
1.514459244376958
1.434769095285639
1.114318957727560
1.572867120099625
1.027033933133029
1.248930696318102
1.467808273429661
1.662017667410076
1.789125970118887
1.281625472490852
1.166882421070523
0.915094357357910
1.559753698129746
0.792435642860258
1.293472725956663
1.165510928576944
1.402819565767856
0.742194513069291
1.087781809086412
0.901322232537819
0.954334760298145
1.430726969647148
1.622077663149272
1.507899005808072
1.489505647780355
0.988837646635482
1.466604773390178
0.761204231494637
1.027380691514030
1.244223249642289
1.476856463546673
0.840913231316687
1.002319435029123
0.928468431195142
0.750857930907087
1.364159665460563
1.500081001618353
1.530152452701035
1.322376733525946
1.580304204962176
1.252391745326297
1.000961149795120
0.845561272870881
0.968469342441968
0.914819618193766
1.390352756045820
1.474704383746553
0.715672106482877
0.556050590340091
0.999868326919790
1.053717678470298
0.943703034553660
0.848210848428154
1.073127223631233
0.816565549290278
0.672890006622436
1.535155798146284
0.842893522481926
0.835344403316170
0.768639287588136
1.258126509478089
0.617753667742257
1.006972105826369
0.715542152826636
1.026476497593947
1.251446554703719
0.572972989821384
1.016304569502012
1.253766806432247
1.341087253353366
0.998821222544746
0.862734476600562
0.826949530311346
1.423535091013578
1.255027412369122
0.971091120820079
1.008609508436299
1.060952644904804
1.110185366117207
1.045103616851372
0.566011305599027
0.682417145320238
0.507323974588828
0.929008926224784
1.251123912259085
0.788813626473029
1.016610168670871
1.147918576740306
1.119528933500737
1.438458876431312
1.349587281170225
0.616513633327455
1.260701088314499
0.698296458622797
0.766106950130994
0.778149313113443
1.465485717201384
0.868065543169042
1.323254359174912
1.243531624185522
0.712594861940155
0.792169315347804
1.522988536098321
0.900512996178887
1.703980267294729
1.371555565976940
1.313256655796604
0.958416226407948
0.639650143093130
0.766729529050352
1.438742229048556
0.698013052884680
0.966369003625174
0.476230514023186
1.156051393369878
0.741085956756182
0.767149901524648
0.641256636017156
1.304120968898711
1.246547044497192
1.569371396118586
1.253535091953380
1.311722928214704
1.081671711553053
1.161159059600214
1.422095848151013
1.295613401578671
1.119352114893177
0.807041666418871
1.147350868678736
0.889070713530533
1.040310458546973
1.440186498159458
0.881658966349411
1.358963859863709
1.507293034614281
1.744254694556378
1.277185124817320
0.920945893516848
0.642198541883229
1.256563542737225
0.705551953574226
0.775929337319435
0.713945440259002
0.695209273761350
1.455688963673424
0.975811135130207
0.978809224150973
0.596117384349513
0.751643476524541
0.647870803860072
1.532872078615646
1.496379560928860
1.564770293191582
1.072370469912312
0.922034844077106
1.206214201256604
0.718548736106605
1.479291435994352
0.503996477021317
1.377306224538675
0.889048967003209
1.062139956341337
1.332225054049137
1.270558029606773
0.896202588877063
1.266893124983433
1.385265020531002
1.660043720822299
1.790162125515825
1.489284517087675
1.192575535281300
0.725652534938846
0.620989441595246
1.344840088902813
0.908640071067708
0.583525752077340
0.836589923373103
1.401055082395983
0.691205941236846
1.086014253471531
1.522617137572884
0.649060621110434
0.946999737920827
1.558365234452942
1.312986225580691
1.336317121759673
1.062776201895240
1.282197834203078
1.180113751255007
1.004837398551495
1.141722734340800
0.568437149324954
0.575384760990209
0.981144635184545
1.345129934995539
0.963823694675221
0.714156689820560
1.143288769499572
0.968272945429410
0.935531579911590
1.195489631444289
1.632649636338003
0.995290731891217
1.098556608272791
1.349164748734749
1.332916223263721
1.145547322887174
1.663514022772294
1.220304587783561
1.323565640425522
1.235203742002505
1.213798870789009
1.412556652970904
1.561783810559636
1.071117939189310
1.078438105999515
1.391516404752621
1.587771804028177
1.728225678339324
0.885870736523858
0.959740852276779
1.269941005321638
0.875152955003864
0.965747935276297
1.688914175804412
1.659260272951407
1.366356591717313
0.823373980193339
1.187179761112415
1.652143648305684
0.983115631904227
1.610232674876252
